1	9194
2	7486
3	6868
4	6772
5	6420
6	6243
7	6071
8	5508
9	5337
10	3988
11	3806
12	3231
13	3225
14	2479
15	2390
16	2363
17	2322
18	2032
19	1728
20	1613
21	1568
22	1530
23	1249
24	1207
25	1034
26	992
27	992
28	981
29	973
30	973
31	937
32	932
33	696
34	683
35	649
36	636
37	617
38	602
39	576
40	554
41	546
42	539
43	531
44	514
45	509
46	483
47	481
48	478
49	458
50	448
51	433
52	414
53	411
54	404
55	381
56	364
57	356
58	350
59	346
60	345
61	343
62	330
63	320
64	319
65	319
66	313
67	313
68	312
69	303
70	299
71	294
72	289
73	286
74	282
75	277
76	274
77	273
78	272
79	270
80	269
81	268
82	262
83	260
84	258
85	250
86	249
87	248
88	246
89	245
90	244
91	241
92	238
93	234
94	232
95	231
96	231
97	225
98	221
99	220
100	216
101	213
102	205
103	199
104	195
105	195
106	194
107	194
108	194
109	189
110	185
111	182
112	181
113	179
114	175
115	175
116	172
117	169
118	169
119	162
120	159
121	158
122	154
123	154
124	153
125	152
126	150
127	150
128	150
129	150
130	149
131	149
132	148
133	147
134	146
135	146
136	144
137	143
138	143
139	143
140	142
141	141
142	140
143	139
144	138
145	137
146	134
147	133
148	133
149	132
150	131
151	127
152	127
153	126
154	125
155	125
156	121
157	120
158	119
159	118
160	118
161	117
162	116
163	116
164	116
165	115
166	114
167	114
168	113
169	112
170	111
171	111
172	109
173	109
174	109
175	108
176	108
177	107
178	107
179	107
180	106
181	106
182	104
183	104
184	103
185	103
186	103
187	102
188	101
189	101
190	100
191	99
192	99
193	98
194	98
195	97
196	97
197	97
198	97
199	96
200	95
201	94
202	94
203	93
204	93
205	93
206	93
207	93
208	92
209	91
210	90
211	90
212	89
213	89
214	89
215	88
216	88
217	88
218	87
219	87
220	86
221	86
222	86
223	85
224	85
225	85
226	84
227	84
228	84
229	84
230	84
231	83
232	83
233	82
234	82
235	82
236	81
237	80
238	80
239	80
240	79
241	79
242	78
243	77
244	77
245	76
246	76
247	75
248	75
249	75
250	74
251	74
252	74
253	74
254	73
255	73
256	73
257	73
258	73
259	73
260	72
261	72
262	72
263	72
264	71
265	71
266	71
267	71
268	71
269	70
270	70
271	70
272	70
273	68
274	68
275	68
276	67
277	67
278	67
279	66
280	66
281	66
282	65
283	65
284	65
285	65
286	65
287	65
288	65
289	65
290	65
291	64
292	64
293	64
294	63
295	63
296	63
297	63
298	63
299	63
300	62
301	62
302	62
303	62
304	62
305	62
306	62
307	61
308	61
309	61
310	61
311	60
312	60
313	60
314	60
315	60
316	60
317	59
318	59
319	59
320	58
321	58
322	57
323	57
324	57
325	57
326	57
327	57
328	56
329	56
330	56
331	56
332	56
333	55
334	55
335	55
336	55
337	55
338	55
339	55
340	55
341	54
342	53
343	53
344	52
345	52
346	52
347	52
348	52
349	52
350	52
351	51
352	51
353	51
354	51
355	51
356	51
357	51
358	51
359	50
360	50
361	50
362	49
363	49
364	49
365	49
366	49
367	48
368	48
369	48
370	48
371	48
372	48
373	48
374	48
375	47
376	47
377	47
378	47
379	47
380	47
381	47
382	47
383	46
384	46
385	46
386	46
387	46
388	46
389	46
390	45
391	45
392	45
393	45
394	45
395	45
396	45
397	45
398	45
399	45
400	44
401	44
402	44
403	44
404	44
405	44
406	44
407	44
408	44
409	44
410	44
411	44
412	44
413	44
414	43
415	43
416	43
417	43
418	43
419	42
420	42
421	42
422	42
423	42
424	42
425	42
426	41
427	41
428	41
429	41
430	41
431	41
432	41
433	41
434	41
435	41
436	41
437	41
438	41
439	41
440	40
441	40
442	40
443	40
444	40
445	40
446	40
447	40
448	40
449	40
450	40
451	40
452	39
453	39
454	39
455	39
456	39
457	39
458	39
459	39
460	39
461	39
462	39
463	38
464	38
465	38
466	38
467	38
468	38
469	38
470	38
471	38
472	38
473	37
474	37
475	37
476	37
477	37
478	37
479	37
480	37
481	37
482	37
483	37
484	37
485	37
486	36
487	36
488	36
489	36
490	36
491	36
492	36
493	36
494	36
495	36
496	36
497	36
498	36
499	36
500	36
501	36
502	36
503	36
504	36
505	35
506	35
507	35
508	35
509	35
510	35
511	35
512	35
513	35
514	35
515	35
516	35
517	35
518	35
519	35
520	35
521	35
522	35
523	35
524	34
525	34
526	34
527	34
528	34
529	34
530	34
531	34
532	34
533	34
534	34
535	33
536	33
537	33
538	33
539	33
540	33
541	33
542	33
543	33
544	33
545	33
546	33
547	33
548	33
549	32
550	32
551	32
552	32
553	32
554	32
555	32
556	32
557	32
558	32
559	32
560	32
561	32
562	32
563	32
564	32
565	32
566	32
567	32
568	32
569	32
570	31
571	31
572	31
573	31
574	31
575	31
576	31
577	31
578	31
579	31
580	31
581	31
582	31
583	31
584	31
585	31
586	31
587	31
588	31
589	30
590	30
591	30
592	30
593	30
594	30
595	30
596	30
597	30
598	30
599	30
600	30
601	30
602	30
603	30
604	30
605	30
606	30
607	30
608	30
609	30
610	30
611	29
612	29
613	29
614	29
615	29
616	29
617	29
618	29
619	29
620	29
621	29
622	29
623	29
624	29
625	29
626	29
627	29
628	29
629	29
630	29
631	29
632	28
633	28
634	28
635	28
636	28
637	28
638	28
639	28
640	28
641	28
642	28
643	28
644	28
645	28
646	28
647	28
648	28
649	28
650	28
651	28
652	28
653	28
654	27
655	27
656	27
657	27
658	27
659	27
660	27
661	27
662	27
663	27
664	27
665	27
666	27
667	27
668	27
669	27
670	27
671	27
672	27
673	27
674	27
675	27
676	27
677	27
678	26
679	26
680	26
681	26
682	26
683	26
684	26
685	26
686	26
687	26
688	26
689	26
690	26
691	26
692	26
693	26
694	26
695	26
696	26
697	26
698	26
699	26
700	25
701	25
702	25
703	25
704	25
705	25
706	25
707	25
708	25
709	25
710	25
711	25
712	25
713	25
714	25
715	25
716	25
717	25
718	25
719	25
720	25
721	25
722	25
723	25
724	25
725	25
726	25
727	25
728	24
729	24
730	24
731	24
732	24
733	24
734	24
735	24
736	24
737	24
738	24
739	24
740	24
741	24
742	24
743	24
744	24
745	24
746	24
747	24
748	24
749	24
750	24
751	24
752	24
753	24
754	24
755	24
756	24
757	24
758	24
759	24
760	24
761	24
762	24
763	24
764	23
765	23
766	23
767	23
768	23
769	23
770	23
771	23
772	23
773	23
774	23
775	23
776	23
777	23
778	23
779	23
780	23
781	23
782	23
783	23
784	23
785	23
786	23
787	23
788	23
789	23
790	23
791	23
792	23
793	23
794	23
795	23
796	23
797	23
798	23
799	23
800	23
801	22
802	22
803	22
804	22
805	22
806	22
807	22
808	22
809	22
810	22
811	22
812	22
813	22
814	22
815	22
816	22
817	22
818	22
819	22
820	22
821	22
822	22
823	22
824	22
825	22
826	22
827	22
828	21
829	21
830	21
831	21
832	21
833	21
834	21
835	21
836	21
837	21
838	21
839	21
840	21
841	21
842	21
843	21
844	21
845	21
846	21
847	21
848	21
849	21
850	21
851	21
852	20
853	20
854	20
855	20
856	20
857	20
858	20
859	20
860	20
861	20
862	20
863	20
864	20
865	20
866	20
867	20
868	20
869	20
870	20
871	20
872	20
873	20
874	20
875	20
876	20
877	20
878	20
879	20
880	20
881	20
882	20
883	20
884	20
885	20
886	20
887	20
888	20
889	20
890	20
891	20
892	20
893	20
894	20
895	20
896	20
897	20
898	20
899	19
900	19
901	19
902	19
903	19
904	19
905	19
906	19
907	19
908	19
909	19
910	19
911	19
912	19
913	19
914	19
915	19
916	19
917	19
918	19
919	19
920	19
921	19
922	19
923	19
924	19
925	19
926	19
927	19
928	19
929	19
930	19
931	19
932	19
933	19
934	19
935	19
936	19
937	19
938	19
939	19
940	19
941	19
942	19
943	19
944	19
945	19
946	19
947	19
948	19
949	18
950	18
951	18
952	18
953	18
954	18
955	18
956	18
957	18
958	18
959	18
960	18
961	18
962	18
963	18
964	18
965	18
966	18
967	18
968	18
969	18
970	18
971	18
972	18
973	18
974	18
975	18
976	18
977	18
978	18
979	18
980	18
981	18
982	18
983	18
984	18
985	18
986	18
987	18
988	18
989	18
990	18
991	18
992	18
993	18
994	18
995	18
996	18
997	18
998	18
999	18
1000	18
1001	18
1002	18
1003	18
1004	18
1005	18
1006	18
1007	18
1008	18
1009	17
1010	17
1011	17
1012	17
1013	17
1014	17
1015	17
1016	17
1017	17
1018	17
1019	17
1020	17
1021	17
1022	17
1023	17
1024	17
1025	17
1026	17
1027	17
1028	17
1029	17
1030	17
1031	17
1032	17
1033	17
1034	17
1035	17
1036	17
1037	17
1038	17
1039	17
1040	17
1041	17
1042	17
1043	17
1044	17
1045	17
1046	17
1047	17
1048	17
1049	17
1050	17
1051	17
1052	17
1053	17
1054	17
1055	17
1056	17
1057	17
1058	17
1059	17
1060	17
1061	16
1062	16
1063	16
1064	16
1065	16
1066	16
1067	16
1068	16
1069	16
1070	16
1071	16
1072	16
1073	16
1074	16
1075	16
1076	16
1077	16
1078	16
1079	16
1080	16
1081	16
1082	16
1083	16
1084	16
1085	16
1086	16
1087	16
1088	16
1089	16
1090	16
1091	16
1092	16
1093	16
1094	16
1095	16
1096	16
1097	16
1098	16
1099	16
1100	16
1101	16
1102	16
1103	16
1104	16
1105	16
1106	16
1107	16
1108	16
1109	16
1110	16
1111	16
1112	16
1113	16
1114	16
1115	16
1116	16
1117	16
1118	16
1119	16
1120	15
1121	15
1122	15
1123	15
1124	15
1125	15
1126	15
1127	15
1128	15
1129	15
1130	15
1131	15
1132	15
1133	15
1134	15
1135	15
1136	15
1137	15
1138	15
1139	15
1140	15
1141	15
1142	15
1143	15
1144	15
1145	15
1146	15
1147	15
1148	15
1149	15
1150	15
1151	15
1152	15
1153	15
1154	15
1155	15
1156	15
1157	15
1158	15
1159	15
1160	15
1161	15
1162	15
1163	15
1164	15
1165	15
1166	15
1167	15
1168	15
1169	15
1170	15
1171	15
1172	15
1173	15
1174	15
1175	15
1176	15
1177	15
1178	15
1179	15
1180	15
1181	15
1182	15
1183	15
1184	15
1185	15
1186	15
1187	15
1188	15
1189	15
1190	15
1191	15
1192	15
1193	15
1194	15
1195	15
1196	15
1197	15
1198	15
1199	14
1200	14
1201	14
1202	14
1203	14
1204	14
1205	14
1206	14
1207	14
1208	14
1209	14
1210	14
1211	14
1212	14
1213	14
1214	14
1215	14
1216	14
1217	14
1218	14
1219	14
1220	14
1221	14
1222	14
1223	14
1224	14
1225	14
1226	14
1227	14
1228	14
1229	14
1230	14
1231	14
1232	14
1233	14
1234	14
1235	14
1236	14
1237	14
1238	14
1239	14
1240	14
1241	14
1242	14
1243	14
1244	14
1245	14
1246	14
1247	14
1248	14
1249	14
1250	14
1251	14
1252	14
1253	14
1254	14
1255	14
1256	14
1257	14
1258	14
1259	14
1260	14
1261	14
1262	14
1263	14
1264	14
1265	14
1266	14
1267	14
1268	14
1269	14
1270	14
1271	14
1272	14
1273	14
1274	14
1275	14
1276	14
1277	14
1278	14
1279	14
1280	14
1281	14
1282	14
1283	14
1284	14
1285	14
1286	14
1287	14
1288	14
1289	14
1290	14
1291	13
1292	13
1293	13
1294	13
1295	13
1296	13
1297	13
1298	13
1299	13
1300	13
1301	13
1302	13
1303	13
1304	13
1305	13
1306	13
1307	13
1308	13
1309	13
1310	13
1311	13
1312	13
1313	13
1314	13
1315	13
1316	13
1317	13
1318	13
1319	13
1320	13
1321	13
1322	13
1323	13
1324	13
1325	13
1326	13
1327	13
1328	13
1329	13
1330	13
1331	13
1332	13
1333	13
1334	13
1335	13
1336	13
1337	13
1338	13
1339	13
1340	13
1341	13
1342	13
1343	13
1344	13
1345	13
1346	13
1347	13
1348	13
1349	13
1350	13
1351	13
1352	13
1353	13
1354	13
1355	13
1356	13
1357	13
1358	13
1359	13
1360	13
1361	13
1362	13
1363	13
1364	13
1365	13
1366	13
1367	13
1368	13
1369	13
1370	13
1371	13
1372	13
1373	13
1374	13
1375	13
1376	13
1377	13
1378	13
1379	13
1380	13
1381	13
1382	13
1383	13
1384	13
1385	13
1386	13
1387	13
1388	13
1389	13
1390	13
1391	13
1392	13
1393	12
1394	12
1395	12
1396	12
1397	12
1398	12
1399	12
1400	12
1401	12
1402	12
1403	12
1404	12
1405	12
1406	12
1407	12
1408	12
1409	12
1410	12
1411	12
1412	12
1413	12
1414	12
1415	12
1416	12
1417	12
1418	12
1419	12
1420	12
1421	12
1422	12
1423	12
1424	12
1425	12
1426	12
1427	12
1428	12
1429	12
1430	12
1431	12
1432	12
1433	12
1434	12
1435	12
1436	12
1437	12
1438	12
1439	12
1440	12
1441	12
1442	12
1443	12
1444	12
1445	12
1446	12
1447	12
1448	12
1449	12
1450	12
1451	12
1452	12
1453	12
1454	12
1455	12
1456	12
1457	12
1458	12
1459	12
1460	12
1461	12
1462	12
1463	12
1464	12
1465	12
1466	12
1467	12
1468	12
1469	12
1470	12
1471	12
1472	12
1473	12
1474	12
1475	12
1476	12
1477	12
1478	12
1479	12
1480	12
1481	12
1482	12
1483	12
1484	12
1485	12
1486	12
1487	12
1488	12
1489	12
1490	12
1491	12
1492	12
1493	12
1494	12
1495	12
1496	12
1497	12
1498	12
1499	12
1500	12
1501	12
1502	12
1503	11
1504	11
1505	11
1506	11
1507	11
1508	11
1509	11
1510	11
1511	11
1512	11
1513	11
1514	11
1515	11
1516	11
1517	11
1518	11
1519	11
1520	11
1521	11
1522	11
1523	11
1524	11
1525	11
1526	11
1527	11
1528	11
1529	11
1530	11
1531	11
1532	11
1533	11
1534	11
1535	11
1536	11
1537	11
1538	11
1539	11
1540	11
1541	11
1542	11
1543	11
1544	11
1545	11
1546	11
1547	11
1548	11
1549	11
1550	11
1551	11
1552	11
1553	11
1554	11
1555	11
1556	11
1557	11
1558	11
1559	11
1560	11
1561	11
1562	11
1563	11
1564	11
1565	11
1566	11
1567	11
1568	11
1569	11
1570	11
1571	11
1572	11
1573	11
1574	11
1575	11
1576	11
1577	11
1578	11
1579	11
1580	11
1581	11
1582	11
1583	11
1584	11
1585	11
1586	11
1587	11
1588	11
1589	11
1590	11
1591	11
1592	11
1593	11
1594	11
1595	11
1596	11
1597	11
1598	11
1599	11
1600	11
1601	11
1602	11
1603	11
1604	11
1605	11
1606	11
1607	11
1608	11
1609	11
1610	11
1611	11
1612	11
1613	11
1614	11
1615	11
1616	11
1617	11
1618	11
1619	10
1620	10
1621	10
1622	10
1623	10
1624	10
1625	10
1626	10
1627	10
1628	10
1629	10
1630	10
1631	10
1632	10
1633	10
1634	10
1635	10
1636	10
1637	10
1638	10
1639	10
1640	10
1641	10
1642	10
1643	10
1644	10
1645	10
1646	10
1647	10
1648	10
1649	10
1650	10
1651	10
1652	10
1653	10
1654	10
1655	10
1656	10
1657	10
1658	10
1659	10
1660	10
1661	10
1662	10
1663	10
1664	10
1665	10
1666	10
1667	10
1668	10
1669	10
1670	10
1671	10
1672	10
1673	10
1674	10
1675	10
1676	10
1677	10
1678	10
1679	10
1680	10
1681	10
1682	10
1683	10
1684	10
1685	10
1686	10
1687	10
1688	10
1689	10
1690	10
1691	10
1692	10
1693	10
1694	10
1695	10
1696	10
1697	10
1698	10
1699	10
1700	10
1701	10
1702	10
1703	10
1704	10
1705	10
1706	10
1707	10
1708	10
1709	10
1710	10
1711	10
1712	10
1713	10
1714	10
1715	10
1716	10
1717	10
1718	10
1719	10
1720	10
1721	10
1722	10
1723	10
1724	10
1725	10
1726	10
1727	10
1728	10
1729	10
1730	10
1731	10
1732	10
1733	10
1734	10
1735	10
1736	10
1737	10
1738	10
1739	10
1740	10
1741	10
1742	10
1743	10
1744	10
1745	10
1746	10
1747	10
1748	10
1749	9
1750	9
1751	9
1752	9
1753	9
1754	9
1755	9
1756	9
1757	9
1758	9
1759	9
1760	9
1761	9
1762	9
1763	9
1764	9
1765	9
1766	9
1767	9
1768	9
1769	9
1770	9
1771	9
1772	9
1773	9
1774	9
1775	9
1776	9
1777	9
1778	9
1779	9
1780	9
1781	9
1782	9
1783	9
1784	9
1785	9
1786	9
1787	9
1788	9
1789	9
1790	9
1791	9
1792	9
1793	9
1794	9
1795	9
1796	9
1797	9
1798	9
1799	9
1800	9
1801	9
1802	9
1803	9
1804	9
1805	9
1806	9
1807	9
1808	9
1809	9
1810	9
1811	9
1812	9
1813	9
1814	9
1815	9
1816	9
1817	9
1818	9
1819	9
1820	9
1821	9
1822	9
1823	9
1824	9
1825	9
1826	9
1827	9
1828	9
1829	9
1830	9
1831	9
1832	9
1833	9
1834	9
1835	9
1836	9
1837	9
1838	9
1839	9
1840	9
1841	9
1842	9
1843	9
1844	9
1845	9
1846	9
1847	9
1848	9
1849	9
1850	9
1851	9
1852	9
1853	9
1854	9
1855	9
1856	9
1857	9
1858	9
1859	9
1860	9
1861	9
1862	9
1863	9
1864	9
1865	9
1866	9
1867	9
1868	9
1869	9
1870	9
1871	9
1872	9
1873	9
1874	9
1875	9
1876	9
1877	9
1878	9
1879	9
1880	9
1881	9
1882	9
1883	9
1884	9
1885	9
1886	9
1887	9
1888	9
1889	9
1890	9
1891	9
1892	9
1893	9
1894	9
1895	9
1896	9
1897	9
1898	9
1899	9
1900	9
1901	9
1902	9
1903	9
1904	9
1905	9
1906	9
1907	9
1908	9
1909	9
1910	9
1911	9
1912	9
1913	9
1914	9
1915	9
1916	9
1917	9
1918	9
1919	9
1920	8
1921	8
1922	8
1923	8
1924	8
1925	8
1926	8
1927	8
1928	8
1929	8
1930	8
1931	8
1932	8
1933	8
1934	8
1935	8
1936	8
1937	8
1938	8
1939	8
1940	8
1941	8
1942	8
1943	8
1944	8
1945	8
1946	8
1947	8
1948	8
1949	8
1950	8
1951	8
1952	8
1953	8
1954	8
1955	8
1956	8
1957	8
1958	8
1959	8
1960	8
1961	8
1962	8
1963	8
1964	8
1965	8
1966	8
1967	8
1968	8
1969	8
1970	8
1971	8
1972	8
1973	8
1974	8
1975	8
1976	8
1977	8
1978	8
1979	8
1980	8
1981	8
1982	8
1983	8
1984	8
1985	8
1986	8
1987	8
1988	8
1989	8
1990	8
1991	8
1992	8
1993	8
1994	8
1995	8
1996	8
1997	8
1998	8
1999	8
2000	8
2001	8
2002	8
2003	8
2004	8
2005	8
2006	8
2007	8
2008	8
2009	8
2010	8
2011	8
2012	8
2013	8
2014	8
2015	8
2016	8
2017	8
2018	8
2019	8
2020	8
2021	8
2022	8
2023	8
2024	8
2025	8
2026	8
2027	8
2028	8
2029	8
2030	8
2031	8
2032	8
2033	8
2034	8
2035	8
2036	8
2037	8
2038	8
2039	8
2040	8
2041	8
2042	8
2043	8
2044	8
2045	8
2046	8
2047	8
2048	8
2049	8
2050	8
2051	8
2052	8
2053	8
2054	8
2055	8
2056	8
2057	8
2058	8
2059	8
2060	8
2061	8
2062	8
2063	8
2064	8
2065	8
2066	8
2067	8
2068	8
2069	8
2070	8
2071	8
2072	8
2073	8
2074	8
2075	8
2076	8
2077	8
2078	8
2079	8
2080	8
2081	8
2082	8
2083	8
2084	8
2085	8
2086	8
2087	8
2088	8
2089	8
2090	8
2091	8
2092	8
2093	8
2094	8
2095	8
2096	8
2097	8
2098	8
2099	8
2100	8
2101	8
2102	8
2103	8
2104	8
2105	8
2106	8
2107	8
2108	8
2109	8
2110	8
2111	8
2112	8
2113	8
2114	8
2115	8
2116	8
2117	8
2118	8
2119	8
2120	8
2121	8
2122	8
2123	8
2124	8
2125	8
2126	8
2127	8
2128	8
2129	8
2130	8
2131	8
2132	8
2133	8
2134	8
2135	8
2136	8
2137	8
2138	8
2139	8
2140	8
2141	8
2142	8
2143	8
2144	8
2145	8
2146	8
2147	8
2148	8
2149	8
2150	8
2151	8
2152	8
2153	8
2154	8
2155	8
2156	8
2157	8
2158	8
2159	8
2160	7
2161	7
2162	7
2163	7
2164	7
2165	7
2166	7
2167	7
2168	7
2169	7
2170	7
2171	7
2172	7
2173	7
2174	7
2175	7
2176	7
2177	7
2178	7
2179	7
2180	7
2181	7
2182	7
2183	7
2184	7
2185	7
2186	7
2187	7
2188	7
2189	7
2190	7
2191	7
2192	7
2193	7
2194	7
2195	7
2196	7
2197	7
2198	7
2199	7
2200	7
2201	7
2202	7
2203	7
2204	7
2205	7
2206	7
2207	7
2208	7
2209	7
2210	7
2211	7
2212	7
2213	7
2214	7
2215	7
2216	7
2217	7
2218	7
2219	7
2220	7
2221	7
2222	7
2223	7
2224	7
2225	7
2226	7
2227	7
2228	7
2229	7
2230	7
2231	7
2232	7
2233	7
2234	7
2235	7
2236	7
2237	7
2238	7
2239	7
2240	7
2241	7
2242	7
2243	7
2244	7
2245	7
2246	7
2247	7
2248	7
2249	7
2250	7
2251	7
2252	7
2253	7
2254	7
2255	7
2256	7
2257	7
2258	7
2259	7
2260	7
2261	7
2262	7
2263	7
2264	7
2265	7
2266	7
2267	7
2268	7
2269	7
2270	7
2271	7
2272	7
2273	7
2274	7
2275	7
2276	7
2277	7
2278	7
2279	7
2280	7
2281	7
2282	7
2283	7
2284	7
2285	7
2286	7
2287	7
2288	7
2289	7
2290	7
2291	7
2292	7
2293	7
2294	7
2295	7
2296	7
2297	7
2298	7
2299	7
2300	7
2301	7
2302	7
2303	7
2304	7
2305	7
2306	7
2307	7
2308	7
2309	7
2310	7
2311	7
2312	7
2313	7
2314	7
2315	7
2316	7
2317	7
2318	7
2319	7
2320	7
2321	7
2322	7
2323	7
2324	7
2325	7
2326	7
2327	7
2328	7
2329	7
2330	7
2331	7
2332	7
2333	7
2334	7
2335	7
2336	7
2337	7
2338	7
2339	7
2340	7
2341	7
2342	7
2343	7
2344	7
2345	7
2346	7
2347	7
2348	7
2349	7
2350	7
2351	7
2352	7
2353	7
2354	7
2355	7
2356	7
2357	7
2358	7
2359	7
2360	7
2361	7
2362	7
2363	7
2364	7
2365	7
2366	7
2367	7
2368	7
2369	7
2370	7
2371	7
2372	7
2373	7
2374	7
2375	7
2376	7
2377	7
2378	7
2379	7
2380	7
2381	7
2382	7
2383	7
2384	7
2385	7
2386	7
2387	7
2388	7
2389	7
2390	7
2391	7
2392	7
2393	7
2394	7
2395	7
2396	7
2397	7
2398	7
2399	7
2400	7
2401	7
2402	7
2403	7
2404	7
2405	7
2406	7
2407	7
2408	7
2409	7
2410	7
2411	7
2412	7
2413	7
2414	7
2415	7
2416	7
2417	7
2418	7
2419	7
2420	7
2421	7
2422	7
2423	7
2424	7
2425	7
2426	7
2427	7
2428	7
2429	7
2430	7
2431	7
2432	7
2433	7
2434	7
2435	7
2436	7
2437	7
2438	6
2439	6
2440	6
2441	6
2442	6
2443	6
2444	6
2445	6
2446	6
2447	6
2448	6
2449	6
2450	6
2451	6
2452	6
2453	6
2454	6
2455	6
2456	6
2457	6
2458	6
2459	6
2460	6
2461	6
2462	6
2463	6
2464	6
2465	6
2466	6
2467	6
2468	6
2469	6
2470	6
2471	6
2472	6
2473	6
2474	6
2475	6
2476	6
2477	6
2478	6
2479	6
2480	6
2481	6
2482	6
2483	6
2484	6
2485	6
2486	6
2487	6
2488	6
2489	6
2490	6
2491	6
2492	6
2493	6
2494	6
2495	6
2496	6
2497	6
2498	6
2499	6
2500	6
2501	6
2502	6
2503	6
2504	6
2505	6
2506	6
2507	6
2508	6
2509	6
2510	6
2511	6
2512	6
2513	6
2514	6
2515	6
2516	6
2517	6
2518	6
2519	6
2520	6
2521	6
2522	6
2523	6
2524	6
2525	6
2526	6
2527	6
2528	6
2529	6
2530	6
2531	6
2532	6
2533	6
2534	6
2535	6
2536	6
2537	6
2538	6
2539	6
2540	6
2541	6
2542	6
2543	6
2544	6
2545	6
2546	6
2547	6
2548	6
2549	6
2550	6
2551	6
2552	6
2553	6
2554	6
2555	6
2556	6
2557	6
2558	6
2559	6
2560	6
2561	6
2562	6
2563	6
2564	6
2565	6
2566	6
2567	6
2568	6
2569	6
2570	6
2571	6
2572	6
2573	6
2574	6
2575	6
2576	6
2577	6
2578	6
2579	6
2580	6
2581	6
2582	6
2583	6
2584	6
2585	6
2586	6
2587	6
2588	6
2589	6
2590	6
2591	6
2592	6
2593	6
2594	6
2595	6
2596	6
2597	6
2598	6
2599	6
2600	6
2601	6
2602	6
2603	6
2604	6
2605	6
2606	6
2607	6
2608	6
2609	6
2610	6
2611	6
2612	6
2613	6
2614	6
2615	6
2616	6
2617	6
2618	6
2619	6
2620	6
2621	6
2622	6
2623	6
2624	6
2625	6
2626	6
2627	6
2628	6
2629	6
2630	6
2631	6
2632	6
2633	6
2634	6
2635	6
2636	6
2637	6
2638	6
2639	6
2640	6
2641	6
2642	6
2643	6
2644	6
2645	6
2646	6
2647	6
2648	6
2649	6
2650	6
2651	6
2652	6
2653	6
2654	6
2655	6
2656	6
2657	6
2658	6
2659	6
2660	6
2661	6
2662	6
2663	6
2664	6
2665	6
2666	6
2667	6
2668	6
2669	6
2670	6
2671	6
2672	6
2673	6
2674	6
2675	6
2676	6
2677	6
2678	6
2679	6
2680	6
2681	6
2682	6
2683	6
2684	6
2685	6
2686	6
2687	6
2688	6
2689	6
2690	6
2691	6
2692	6
2693	6
2694	6
2695	6
2696	6
2697	6
2698	6
2699	6
2700	6
2701	6
2702	6
2703	6
2704	6
2705	6
2706	6
2707	6
2708	6
2709	6
2710	6
2711	6
2712	6
2713	6
2714	6
2715	6
2716	6
2717	6
2718	6
2719	6
2720	6
2721	6
2722	6
2723	6
2724	6
2725	6
2726	6
2727	6
2728	6
2729	6
2730	6
2731	6
2732	6
2733	6
2734	6
2735	6
2736	6
2737	6
2738	6
2739	6
2740	6
2741	6
2742	6
2743	6
2744	6
2745	6
2746	6
2747	6
2748	6
2749	6
2750	6
2751	6
2752	6
2753	6
2754	6
2755	6
2756	6
2757	6
2758	6
2759	6
2760	6
2761	6
2762	6
2763	6
2764	6
2765	6
2766	6
2767	6
2768	6
2769	6
2770	6
2771	6
2772	6
2773	6
2774	6
2775	6
2776	6
2777	6
2778	6
2779	6
2780	6
2781	6
2782	6
2783	6
2784	6
2785	6
2786	6
2787	5
2788	5
2789	5
2790	5
2791	5
2792	5
2793	5
2794	5
2795	5
2796	5
2797	5
2798	5
2799	5
2800	5
2801	5
2802	5
2803	5
2804	5
2805	5
2806	5
2807	5
2808	5
2809	5
2810	5
2811	5
2812	5
2813	5
2814	5
2815	5
2816	5
2817	5
2818	5
2819	5
2820	5
2821	5
2822	5
2823	5
2824	5
2825	5
2826	5
2827	5
2828	5
2829	5
2830	5
2831	5
2832	5
2833	5
2834	5
2835	5
2836	5
2837	5
2838	5
2839	5
2840	5
2841	5
2842	5
2843	5
2844	5
2845	5
2846	5
2847	5
2848	5
2849	5
2850	5
2851	5
2852	5
2853	5
2854	5
2855	5
2856	5
2857	5
2858	5
2859	5
2860	5
2861	5
2862	5
2863	5
2864	5
2865	5
2866	5
2867	5
2868	5
2869	5
2870	5
2871	5
2872	5
2873	5
2874	5
2875	5
2876	5
2877	5
2878	5
2879	5
2880	5
2881	5
2882	5
2883	5
2884	5
2885	5
2886	5
2887	5
2888	5
2889	5
2890	5
2891	5
2892	5
2893	5
2894	5
2895	5
2896	5
2897	5
2898	5
2899	5
2900	5
2901	5
2902	5
2903	5
2904	5
2905	5
2906	5
2907	5
2908	5
2909	5
2910	5
2911	5
2912	5
2913	5
2914	5
2915	5
2916	5
2917	5
2918	5
2919	5
2920	5
2921	5
2922	5
2923	5
2924	5
2925	5
2926	5
2927	5
2928	5
2929	5
2930	5
2931	5
2932	5
2933	5
2934	5
2935	5
2936	5
2937	5
2938	5
2939	5
2940	5
2941	5
2942	5
2943	5
2944	5
2945	5
2946	5
2947	5
2948	5
2949	5
2950	5
2951	5
2952	5
2953	5
2954	5
2955	5
2956	5
2957	5
2958	5
2959	5
2960	5
2961	5
2962	5
2963	5
2964	5
2965	5
2966	5
2967	5
2968	5
2969	5
2970	5
2971	5
2972	5
2973	5
2974	5
2975	5
2976	5
2977	5
2978	5
2979	5
2980	5
2981	5
2982	5
2983	5
2984	5
2985	5
2986	5
2987	5
2988	5
2989	5
2990	5
2991	5
2992	5
2993	5
2994	5
2995	5
2996	5
2997	5
2998	5
2999	5
3000	5
3001	5
3002	5
3003	5
3004	5
3005	5
3006	5
3007	5
3008	5
3009	5
3010	5
3011	5
3012	5
3013	5
3014	5
3015	5
3016	5
3017	5
3018	5
3019	5
3020	5
3021	5
3022	5
3023	5
3024	5
3025	5
3026	5
3027	5
3028	5
3029	5
3030	5
3031	5
3032	5
3033	5
3034	5
3035	5
3036	5
3037	5
3038	5
3039	5
3040	5
3041	5
3042	5
3043	5
3044	5
3045	5
3046	5
3047	5
3048	5
3049	5
3050	5
3051	5
3052	5
3053	5
3054	5
3055	5
3056	5
3057	5
3058	5
3059	5
3060	5
3061	5
3062	5
3063	5
3064	5
3065	5
3066	5
3067	5
3068	5
3069	5
3070	5
3071	5
3072	5
3073	5
3074	5
3075	5
3076	5
3077	5
3078	5
3079	5
3080	5
3081	5
3082	5
3083	5
3084	5
3085	5
3086	5
3087	5
3088	5
3089	5
3090	5
3091	5
3092	5
3093	5
3094	5
3095	5
3096	5
3097	5
3098	5
3099	5
3100	5
3101	5
3102	5
3103	5
3104	5
3105	5
3106	5
3107	5
3108	5
3109	5
3110	5
3111	5
3112	5
3113	5
3114	5
3115	5
3116	5
3117	5
3118	5
3119	5
3120	5
3121	5
3122	5
3123	5
3124	5
3125	5
3126	5
3127	5
3128	5
3129	5
3130	5
3131	5
3132	5
3133	5
3134	5
3135	5
3136	5
3137	5
3138	5
3139	5
3140	5
3141	5
3142	5
3143	5
3144	5
3145	5
3146	5
3147	5
3148	5
3149	5
3150	5
3151	5
3152	5
3153	5
3154	5
3155	5
3156	5
3157	5
3158	5
3159	5
3160	5
3161	5
3162	5
3163	5
3164	5
3165	5
3166	5
3167	5
3168	5
3169	5
3170	5
3171	5
3172	5
3173	5
3174	5
3175	5
3176	5
3177	5
3178	5
3179	5
3180	5
3181	5
3182	5
3183	5
3184	5
3185	5
3186	5
3187	5
3188	5
3189	5
3190	5
3191	5
3192	5
3193	5
3194	5
3195	5
3196	5
3197	5
3198	5
3199	5
3200	5
3201	5
3202	5
3203	5
3204	5
3205	5
3206	5
3207	5
3208	5
3209	5
3210	5
3211	5
3212	5
3213	5
3214	5
3215	5
3216	5
3217	5
3218	5
3219	5
3220	5
3221	5
3222	5
3223	5
3224	5
3225	5
3226	5
3227	5
3228	5
3229	5
3230	5
3231	5
3232	5
3233	5
3234	5
3235	5
3236	5
3237	5
3238	5
3239	5
3240	5
3241	5
3242	5
3243	5
3244	5
3245	5
3246	5
3247	5
3248	5
3249	5
3250	5
3251	5
3252	5
3253	5
3254	5
3255	5
3256	5
3257	5
3258	5
3259	5
3260	5
3261	5
3262	5
3263	5
3264	5
3265	5
3266	5
3267	5
3268	5
3269	5
3270	5
3271	5
3272	5
3273	5
3274	5
3275	5
3276	5
3277	5
3278	5
3279	5
3280	5
3281	5
3282	5
3283	5
3284	5
3285	5
3286	5
3287	5
3288	5
3289	5
3290	5
3291	5
3292	5
3293	5
3294	5
3295	5
3296	5
3297	5
3298	5
3299	5
3300	5
3301	5
3302	5
3303	5
3304	5
3305	5
3306	5
3307	5
3308	5
3309	5
3310	5
3311	5
3312	5
3313	5
3314	5
3315	5
3316	5
3317	5
3318	5
3319	5
3320	5
3321	5
3322	5
3323	4
3324	4
3325	4
3326	4
3327	4
3328	4
3329	4
3330	4
3331	4
3332	4
3333	4
3334	4
3335	4
3336	4
3337	4
3338	4
3339	4
3340	4
3341	4
3342	4
3343	4
3344	4
3345	4
3346	4
3347	4
3348	4
3349	4
3350	4
3351	4
3352	4
3353	4
3354	4
3355	4
3356	4
3357	4
3358	4
3359	4
3360	4
3361	4
3362	4
3363	4
3364	4
3365	4
3366	4
3367	4
3368	4
3369	4
3370	4
3371	4
3372	4
3373	4
3374	4
3375	4
3376	4
3377	4
3378	4
3379	4
3380	4
3381	4
3382	4
3383	4
3384	4
3385	4
3386	4
3387	4
3388	4
3389	4
3390	4
3391	4
3392	4
3393	4
3394	4
3395	4
3396	4
3397	4
3398	4
3399	4
3400	4
3401	4
3402	4
3403	4
3404	4
3405	4
3406	4
3407	4
3408	4
3409	4
3410	4
3411	4
3412	4
3413	4
3414	4
3415	4
3416	4
3417	4
3418	4
3419	4
3420	4
3421	4
3422	4
3423	4
3424	4
3425	4
3426	4
3427	4
3428	4
3429	4
3430	4
3431	4
3432	4
3433	4
3434	4
3435	4
3436	4
3437	4
3438	4
3439	4
3440	4
3441	4
3442	4
3443	4
3444	4
3445	4
3446	4
3447	4
3448	4
3449	4
3450	4
3451	4
3452	4
3453	4
3454	4
3455	4
3456	4
3457	4
3458	4
3459	4
3460	4
3461	4
3462	4
3463	4
3464	4
3465	4
3466	4
3467	4
3468	4
3469	4
3470	4
3471	4
3472	4
3473	4
3474	4
3475	4
3476	4
3477	4
3478	4
3479	4
3480	4
3481	4
3482	4
3483	4
3484	4
3485	4
3486	4
3487	4
3488	4
3489	4
3490	4
3491	4
3492	4
3493	4
3494	4
3495	4
3496	4
3497	4
3498	4
3499	4
3500	4
3501	4
3502	4
3503	4
3504	4
3505	4
3506	4
3507	4
3508	4
3509	4
3510	4
3511	4
3512	4
3513	4
3514	4
3515	4
3516	4
3517	4
3518	4
3519	4
3520	4
3521	4
3522	4
3523	4
3524	4
3525	4
3526	4
3527	4
3528	4
3529	4
3530	4
3531	4
3532	4
3533	4
3534	4
3535	4
3536	4
3537	4
3538	4
3539	4
3540	4
3541	4
3542	4
3543	4
3544	4
3545	4
3546	4
3547	4
3548	4
3549	4
3550	4
3551	4
3552	4
3553	4
3554	4
3555	4
3556	4
3557	4
3558	4
3559	4
3560	4
3561	4
3562	4
3563	4
3564	4
3565	4
3566	4
3567	4
3568	4
3569	4
3570	4
3571	4
3572	4
3573	4
3574	4
3575	4
3576	4
3577	4
3578	4
3579	4
3580	4
3581	4
3582	4
3583	4
3584	4
3585	4
3586	4
3587	4
3588	4
3589	4
3590	4
3591	4
3592	4
3593	4
3594	4
3595	4
3596	4
3597	4
3598	4
3599	4
3600	4
3601	4
3602	4
3603	4
3604	4
3605	4
3606	4
3607	4
3608	4
3609	4
3610	4
3611	4
3612	4
3613	4
3614	4
3615	4
3616	4
3617	4
3618	4
3619	4
3620	4
3621	4
3622	4
3623	4
3624	4
3625	4
3626	4
3627	4
3628	4
3629	4
3630	4
3631	4
3632	4
3633	4
3634	4
3635	4
3636	4
3637	4
3638	4
3639	4
3640	4
3641	4
3642	4
3643	4
3644	4
3645	4
3646	4
3647	4
3648	4
3649	4
3650	4
3651	4
3652	4
3653	4
3654	4
3655	4
3656	4
3657	4
3658	4
3659	4
3660	4
3661	4
3662	4
3663	4
3664	4
3665	4
3666	4
3667	4
3668	4
3669	4
3670	4
3671	4
3672	4
3673	4
3674	4
3675	4
3676	4
3677	4
3678	4
3679	4
3680	4
3681	4
3682	4
3683	4
3684	4
3685	4
3686	4
3687	4
3688	4
3689	4
3690	4
3691	4
3692	4
3693	4
3694	4
3695	4
3696	4
3697	4
3698	4
3699	4
3700	4
3701	4
3702	4
3703	4
3704	4
3705	4
3706	4
3707	4
3708	4
3709	4
3710	4
3711	4
3712	4
3713	4
3714	4
3715	4
3716	4
3717	4
3718	4
3719	4
3720	4
3721	4
3722	4
3723	4
3724	4
3725	4
3726	4
3727	4
3728	4
3729	4
3730	4
3731	4
3732	4
3733	4
3734	4
3735	4
3736	4
3737	4
3738	4
3739	4
3740	4
3741	4
3742	4
3743	4
3744	4
3745	4
3746	4
3747	4
3748	4
3749	4
3750	4
3751	4
3752	4
3753	4
3754	4
3755	4
3756	4
3757	4
3758	4
3759	4
3760	4
3761	4
3762	4
3763	4
3764	4
3765	4
3766	4
3767	4
3768	4
3769	4
3770	4
3771	4
3772	4
3773	4
3774	4
3775	4
3776	4
3777	4
3778	4
3779	4
3780	4
3781	4
3782	4
3783	4
3784	4
3785	4
3786	4
3787	4
3788	4
3789	4
3790	4
3791	4
3792	4
3793	4
3794	4
3795	4
3796	4
3797	4
3798	4
3799	4
3800	4
3801	4
3802	4
3803	4
3804	4
3805	4
3806	4
3807	4
3808	4
3809	4
3810	4
3811	4
3812	4
3813	4
3814	4
3815	4
3816	4
3817	4
3818	4
3819	4
3820	4
3821	4
3822	4
3823	4
3824	4
3825	4
3826	4
3827	4
3828	4
3829	4
3830	4
3831	4
3832	4
3833	4
3834	4
3835	4
3836	4
3837	4
3838	4
3839	4
3840	4
3841	4
3842	4
3843	4
3844	4
3845	4
3846	4
3847	4
3848	4
3849	4
3850	4
3851	4
3852	4
3853	4
3854	4
3855	4
3856	4
3857	4
3858	4
3859	4
3860	4
3861	4
3862	4
3863	4
3864	4
3865	4
3866	4
3867	4
3868	4
3869	4
3870	4
3871	4
3872	4
3873	4
3874	4
3875	4
3876	4
3877	4
3878	4
3879	4
3880	4
3881	4
3882	4
3883	4
3884	4
3885	4
3886	4
3887	4
3888	4
3889	4
3890	4
3891	4
3892	4
3893	4
3894	4
3895	4
3896	4
3897	4
3898	4
3899	4
3900	4
3901	4
3902	4
3903	4
3904	4
3905	4
3906	4
3907	4
3908	4
3909	4
3910	4
3911	4
3912	4
3913	4
3914	4
3915	4
3916	4
3917	4
3918	4
3919	4
3920	4
3921	4
3922	4
3923	4
3924	4
3925	4
3926	4
3927	4
3928	4
3929	4
3930	4
3931	4
3932	4
3933	4
3934	4
3935	4
3936	4
3937	4
3938	4
3939	4
3940	4
3941	4
3942	4
3943	4
3944	4
3945	4
3946	4
3947	4
3948	4
3949	4
3950	4
3951	4
3952	4
3953	4
3954	4
3955	4
3956	4
3957	4
3958	4
3959	4
3960	4
3961	4
3962	4
3963	4
3964	4
3965	4
3966	4
3967	4
3968	4
3969	4
3970	4
3971	4
3972	4
3973	4
3974	4
3975	4
3976	4
3977	4
3978	4
3979	4
3980	4
3981	4
3982	4
3983	4
3984	4
3985	4
3986	4
3987	4
3988	4
3989	4
3990	4
3991	4
3992	4
3993	4
3994	4
3995	4
3996	4
3997	4
3998	4
3999	4
4000	4
4001	4
4002	4
4003	4
4004	4
4005	4
4006	4
4007	4
4008	4
4009	4
4010	4
4011	3
4012	3
4013	3
4014	3
4015	3
4016	3
4017	3
4018	3
4019	3
4020	3
4021	3
4022	3
4023	3
4024	3
4025	3
4026	3
4027	3
4028	3
4029	3
4030	3
4031	3
4032	3
4033	3
4034	3
4035	3
4036	3
4037	3
4038	3
4039	3
4040	3
4041	3
4042	3
4043	3
4044	3
4045	3
4046	3
4047	3
4048	3
4049	3
4050	3
4051	3
4052	3
4053	3
4054	3
4055	3
4056	3
4057	3
4058	3
4059	3
4060	3
4061	3
4062	3
4063	3
4064	3
4065	3
4066	3
4067	3
4068	3
4069	3
4070	3
4071	3
4072	3
4073	3
4074	3
4075	3
4076	3
4077	3
4078	3
4079	3
4080	3
4081	3
4082	3
4083	3
4084	3
4085	3
4086	3
4087	3
4088	3
4089	3
4090	3
4091	3
4092	3
4093	3
4094	3
4095	3
4096	3
4097	3
4098	3
4099	3
4100	3
4101	3
4102	3
4103	3
4104	3
4105	3
4106	3
4107	3
4108	3
4109	3
4110	3
4111	3
4112	3
4113	3
4114	3
4115	3
4116	3
4117	3
4118	3
4119	3
4120	3
4121	3
4122	3
4123	3
4124	3
4125	3
4126	3
4127	3
4128	3
4129	3
4130	3
4131	3
4132	3
4133	3
4134	3
4135	3
4136	3
4137	3
4138	3
4139	3
4140	3
4141	3
4142	3
4143	3
4144	3
4145	3
4146	3
4147	3
4148	3
4149	3
4150	3
4151	3
4152	3
4153	3
4154	3
4155	3
4156	3
4157	3
4158	3
4159	3
4160	3
4161	3
4162	3
4163	3
4164	3
4165	3
4166	3
4167	3
4168	3
4169	3
4170	3
4171	3
4172	3
4173	3
4174	3
4175	3
4176	3
4177	3
4178	3
4179	3
4180	3
4181	3
4182	3
4183	3
4184	3
4185	3
4186	3
4187	3
4188	3
4189	3
4190	3
4191	3
4192	3
4193	3
4194	3
4195	3
4196	3
4197	3
4198	3
4199	3
4200	3
4201	3
4202	3
4203	3
4204	3
4205	3
4206	3
4207	3
4208	3
4209	3
4210	3
4211	3
4212	3
4213	3
4214	3
4215	3
4216	3
4217	3
4218	3
4219	3
4220	3
4221	3
4222	3
4223	3
4224	3
4225	3
4226	3
4227	3
4228	3
4229	3
4230	3
4231	3
4232	3
4233	3
4234	3
4235	3
4236	3
4237	3
4238	3
4239	3
4240	3
4241	3
4242	3
4243	3
4244	3
4245	3
4246	3
4247	3
4248	3
4249	3
4250	3
4251	3
4252	3
4253	3
4254	3
4255	3
4256	3
4257	3
4258	3
4259	3
4260	3
4261	3
4262	3
4263	3
4264	3
4265	3
4266	3
4267	3
4268	3
4269	3
4270	3
4271	3
4272	3
4273	3
4274	3
4275	3
4276	3
4277	3
4278	3
4279	3
4280	3
4281	3
4282	3
4283	3
4284	3
4285	3
4286	3
4287	3
4288	3
4289	3
4290	3
4291	3
4292	3
4293	3
4294	3
4295	3
4296	3
4297	3
4298	3
4299	3
4300	3
4301	3
4302	3
4303	3
4304	3
4305	3
4306	3
4307	3
4308	3
4309	3
4310	3
4311	3
4312	3
4313	3
4314	3
4315	3
4316	3
4317	3
4318	3
4319	3
4320	3
4321	3
4322	3
4323	3
4324	3
4325	3
4326	3
4327	3
4328	3
4329	3
4330	3
4331	3
4332	3
4333	3
4334	3
4335	3
4336	3
4337	3
4338	3
4339	3
4340	3
4341	3
4342	3
4343	3
4344	3
4345	3
4346	3
4347	3
4348	3
4349	3
4350	3
4351	3
4352	3
4353	3
4354	3
4355	3
4356	3
4357	3
4358	3
4359	3
4360	3
4361	3
4362	3
4363	3
4364	3
4365	3
4366	3
4367	3
4368	3
4369	3
4370	3
4371	3
4372	3
4373	3
4374	3
4375	3
4376	3
4377	3
4378	3
4379	3
4380	3
4381	3
4382	3
4383	3
4384	3
4385	3
4386	3
4387	3
4388	3
4389	3
4390	3
4391	3
4392	3
4393	3
4394	3
4395	3
4396	3
4397	3
4398	3
4399	3
4400	3
4401	3
4402	3
4403	3
4404	3
4405	3
4406	3
4407	3
4408	3
4409	3
4410	3
4411	3
4412	3
4413	3
4414	3
4415	3
4416	3
4417	3
4418	3
4419	3
4420	3
4421	3
4422	3
4423	3
4424	3
4425	3
4426	3
4427	3
4428	3
4429	3
4430	3
4431	3
4432	3
4433	3
4434	3
4435	3
4436	3
4437	3
4438	3
4439	3
4440	3
4441	3
4442	3
4443	3
4444	3
4445	3
4446	3
4447	3
4448	3
4449	3
4450	3
4451	3
4452	3
4453	3
4454	3
4455	3
4456	3
4457	3
4458	3
4459	3
4460	3
4461	3
4462	3
4463	3
4464	3
4465	3
4466	3
4467	3
4468	3
4469	3
4470	3
4471	3
4472	3
4473	3
4474	3
4475	3
4476	3
4477	3
4478	3
4479	3
4480	3
4481	3
4482	3
4483	3
4484	3
4485	3
4486	3
4487	3
4488	3
4489	3
4490	3
4491	3
4492	3
4493	3
4494	3
4495	3
4496	3
4497	3
4498	3
4499	3
4500	3
4501	3
4502	3
4503	3
4504	3
4505	3
4506	3
4507	3
4508	3
4509	3
4510	3
4511	3
4512	3
4513	3
4514	3
4515	3
4516	3
4517	3
4518	3
4519	3
4520	3
4521	3
4522	3
4523	3
4524	3
4525	3
4526	3
4527	3
4528	3
4529	3
4530	3
4531	3
4532	3
4533	3
4534	3
4535	3
4536	3
4537	3
4538	3
4539	3
4540	3
4541	3
4542	3
4543	3
4544	3
4545	3
4546	3
4547	3
4548	3
4549	3
4550	3
4551	3
4552	3
4553	3
4554	3
4555	3
4556	3
4557	3
4558	3
4559	3
4560	3
4561	3
4562	3
4563	3
4564	3
4565	3
4566	3
4567	3
4568	3
4569	3
4570	3
4571	3
4572	3
4573	3
4574	3
4575	3
4576	3
4577	3
4578	3
4579	3
4580	3
4581	3
4582	3
4583	3
4584	3
4585	3
4586	3
4587	3
4588	3
4589	3
4590	3
4591	3
4592	3
4593	3
4594	3
4595	3
4596	3
4597	3
4598	3
4599	3
4600	3
4601	3
4602	3
4603	3
4604	3
4605	3
4606	3
4607	3
4608	3
4609	3
4610	3
4611	3
4612	3
4613	3
4614	3
4615	3
4616	3
4617	3
4618	3
4619	3
4620	3
4621	3
4622	3
4623	3
4624	3
4625	3
4626	3
4627	3
4628	3
4629	3
4630	3
4631	3
4632	3
4633	3
4634	3
4635	3
4636	3
4637	3
4638	3
4639	3
4640	3
4641	3
4642	3
4643	3
4644	3
4645	3
4646	3
4647	3
4648	3
4649	3
4650	3
4651	3
4652	3
4653	3
4654	3
4655	3
4656	3
4657	3
4658	3
4659	3
4660	3
4661	3
4662	3
4663	3
4664	3
4665	3
4666	3
4667	3
4668	3
4669	3
4670	3
4671	3
4672	3
4673	3
4674	3
4675	3
4676	3
4677	3
4678	3
4679	3
4680	3
4681	3
4682	3
4683	3
4684	3
4685	3
4686	3
4687	3
4688	3
4689	3
4690	3
4691	3
4692	3
4693	3
4694	3
4695	3
4696	3
4697	3
4698	3
4699	3
4700	3
4701	3
4702	3
4703	3
4704	3
4705	3
4706	3
4707	3
4708	3
4709	3
4710	3
4711	3
4712	3
4713	3
4714	3
4715	3
4716	3
4717	3
4718	3
4719	3
4720	3
4721	3
4722	3
4723	3
4724	3
4725	3
4726	3
4727	3
4728	3
4729	3
4730	3
4731	3
4732	3
4733	3
4734	3
4735	3
4736	3
4737	3
4738	3
4739	3
4740	3
4741	3
4742	3
4743	3
4744	3
4745	3
4746	3
4747	3
4748	3
4749	3
4750	3
4751	3
4752	3
4753	3
4754	3
4755	3
4756	3
4757	3
4758	3
4759	3
4760	3
4761	3
4762	3
4763	3
4764	3
4765	3
4766	3
4767	3
4768	3
4769	3
4770	3
4771	3
4772	3
4773	3
4774	3
4775	3
4776	3
4777	3
4778	3
4779	3
4780	3
4781	3
4782	3
4783	3
4784	3
4785	3
4786	3
4787	3
4788	3
4789	3
4790	3
4791	3
4792	3
4793	3
4794	3
4795	3
4796	3
4797	3
4798	3
4799	3
4800	3
4801	3
4802	3
4803	3
4804	3
4805	3
4806	3
4807	3
4808	3
4809	3
4810	3
4811	3
4812	3
4813	3
4814	3
4815	3
4816	3
4817	3
4818	3
4819	3
4820	3
4821	3
4822	3
4823	3
4824	3
4825	3
4826	3
4827	3
4828	3
4829	3
4830	3
4831	3
4832	3
4833	3
4834	3
4835	3
4836	3
4837	3
4838	3
4839	3
4840	3
4841	3
4842	3
4843	3
4844	3
4845	3
4846	3
4847	3
4848	3
4849	3
4850	3
4851	3
4852	3
4853	3
4854	3
4855	3
4856	3
4857	3
4858	3
4859	3
4860	3
4861	3
4862	3
4863	3
4864	3
4865	3
4866	3
4867	3
4868	3
4869	3
4870	3
4871	3
4872	3
4873	3
4874	3
4875	3
4876	3
4877	3
4878	3
4879	3
4880	3
4881	3
4882	3
4883	3
4884	3
4885	3
4886	3
4887	3
4888	3
4889	3
4890	3
4891	3
4892	3
4893	3
4894	3
4895	3
4896	3
4897	3
4898	3
4899	3
4900	3
4901	3
4902	3
4903	3
4904	3
4905	3
4906	3
4907	3
4908	3
4909	3
4910	3
4911	3
4912	3
4913	3
4914	3
4915	3
4916	3
4917	3
4918	3
4919	3
4920	3
4921	3
4922	3
4923	3
4924	3
4925	3
4926	3
4927	3
4928	3
4929	3
4930	3
4931	3
4932	3
4933	3
4934	3
4935	3
4936	3
4937	3
4938	3
4939	3
4940	3
4941	3
4942	3
4943	3
4944	3
4945	3
4946	3
4947	3
4948	3
4949	3
4950	3
4951	3
4952	3
4953	3
4954	3
4955	3
4956	3
4957	3
4958	3
4959	3
4960	3
4961	3
4962	3
4963	3
4964	3
4965	3
4966	3
4967	3
4968	3
4969	3
4970	3
4971	3
4972	3
4973	3
4974	3
4975	3
4976	3
4977	3
4978	3
4979	3
4980	3
4981	3
4982	3
4983	3
4984	3
4985	3
4986	3
4987	3
4988	3
4989	3
4990	3
4991	3
4992	3
4993	3
4994	3
4995	3
4996	3
4997	3
4998	3
4999	3
5000	3
5001	3
5002	3
5003	3
5004	3
5005	3
5006	3
5007	3
5008	3
5009	3
5010	3
5011	3
5012	3
5013	3
5014	3
5015	3
5016	3
5017	3
5018	3
5019	3
5020	3
5021	3
5022	3
5023	3
5024	3
5025	3
5026	3
5027	3
5028	3
5029	3
5030	3
5031	3
5032	3
5033	3
5034	3
5035	3
5036	3
5037	3
5038	3
5039	3
5040	3
5041	3
5042	3
5043	3
5044	3
5045	3
5046	3
5047	3
5048	3
5049	3
5050	3
5051	3
5052	3
5053	3
5054	3
5055	3
5056	3
5057	3
5058	3
5059	3
5060	3
5061	3
5062	3
5063	3
5064	3
5065	3
5066	3
5067	3
5068	3
5069	3
5070	3
5071	3
5072	3
5073	3
5074	3
5075	3
5076	3
5077	3
5078	3
5079	3
5080	3
5081	3
5082	3
5083	3
5084	3
5085	3
5086	3
5087	3
5088	3
5089	3
5090	3
5091	3
5092	3
5093	3
5094	3
5095	3
5096	3
5097	3
5098	3
5099	3
5100	3
5101	3
5102	3
5103	3
5104	3
5105	3
5106	3
5107	3
5108	3
5109	3
5110	3
5111	3
5112	3
5113	3
5114	3
5115	3
5116	3
5117	3
5118	3
5119	3
5120	3
5121	3
5122	3
5123	3
5124	3
5125	2
5126	2
5127	2
5128	2
5129	2
5130	2
5131	2
5132	2
5133	2
5134	2
5135	2
5136	2
5137	2
5138	2
5139	2
5140	2
5141	2
5142	2
5143	2
5144	2
5145	2
5146	2
5147	2
5148	2
5149	2
5150	2
5151	2
5152	2
5153	2
5154	2
5155	2
5156	2
5157	2
5158	2
5159	2
5160	2
5161	2
5162	2
5163	2
5164	2
5165	2
5166	2
5167	2
5168	2
5169	2
5170	2
5171	2
5172	2
5173	2
5174	2
5175	2
5176	2
5177	2
5178	2
5179	2
5180	2
5181	2
5182	2
5183	2
5184	2
5185	2
5186	2
5187	2
5188	2
5189	2
5190	2
5191	2
5192	2
5193	2
5194	2
5195	2
5196	2
5197	2
5198	2
5199	2
5200	2
5201	2
5202	2
5203	2
5204	2
5205	2
5206	2
5207	2
5208	2
5209	2
5210	2
5211	2
5212	2
5213	2
5214	2
5215	2
5216	2
5217	2
5218	2
5219	2
5220	2
5221	2
5222	2
5223	2
5224	2
5225	2
5226	2
5227	2
5228	2
5229	2
5230	2
5231	2
5232	2
5233	2
5234	2
5235	2
5236	2
5237	2
5238	2
5239	2
5240	2
5241	2
5242	2
5243	2
5244	2
5245	2
5246	2
5247	2
5248	2
5249	2
5250	2
5251	2
5252	2
5253	2
5254	2
5255	2
5256	2
5257	2
5258	2
5259	2
5260	2
5261	2
5262	2
5263	2
5264	2
5265	2
5266	2
5267	2
5268	2
5269	2
5270	2
5271	2
5272	2
5273	2
5274	2
5275	2
5276	2
5277	2
5278	2
5279	2
5280	2
5281	2
5282	2
5283	2
5284	2
5285	2
5286	2
5287	2
5288	2
5289	2
5290	2
5291	2
5292	2
5293	2
5294	2
5295	2
5296	2
5297	2
5298	2
5299	2
5300	2
5301	2
5302	2
5303	2
5304	2
5305	2
5306	2
5307	2
5308	2
5309	2
5310	2
5311	2
5312	2
5313	2
5314	2
5315	2
5316	2
5317	2
5318	2
5319	2
5320	2
5321	2
5322	2
5323	2
5324	2
5325	2
5326	2
5327	2
5328	2
5329	2
5330	2
5331	2
5332	2
5333	2
5334	2
5335	2
5336	2
5337	2
5338	2
5339	2
5340	2
5341	2
5342	2
5343	2
5344	2
5345	2
5346	2
5347	2
5348	2
5349	2
5350	2
5351	2
5352	2
5353	2
5354	2
5355	2
5356	2
5357	2
5358	2
5359	2
5360	2
5361	2
5362	2
5363	2
5364	2
5365	2
5366	2
5367	2
5368	2
5369	2
5370	2
5371	2
5372	2
5373	2
5374	2
5375	2
5376	2
5377	2
5378	2
5379	2
5380	2
5381	2
5382	2
5383	2
5384	2
5385	2
5386	2
5387	2
5388	2
5389	2
5390	2
5391	2
5392	2
5393	2
5394	2
5395	2
5396	2
5397	2
5398	2
5399	2
5400	2
5401	2
5402	2
5403	2
5404	2
5405	2
5406	2
5407	2
5408	2
5409	2
5410	2
5411	2
5412	2
5413	2
5414	2
5415	2
5416	2
5417	2
5418	2
5419	2
5420	2
5421	2
5422	2
5423	2
5424	2
5425	2
5426	2
5427	2
5428	2
5429	2
5430	2
5431	2
5432	2
5433	2
5434	2
5435	2
5436	2
5437	2
5438	2
5439	2
5440	2
5441	2
5442	2
5443	2
5444	2
5445	2
5446	2
5447	2
5448	2
5449	2
5450	2
5451	2
5452	2
5453	2
5454	2
5455	2
5456	2
5457	2
5458	2
5459	2
5460	2
5461	2
5462	2
5463	2
5464	2
5465	2
5466	2
5467	2
5468	2
5469	2
5470	2
5471	2
5472	2
5473	2
5474	2
5475	2
5476	2
5477	2
5478	2
5479	2
5480	2
5481	2
5482	2
5483	2
5484	2
5485	2
5486	2
5487	2
5488	2
5489	2
5490	2
5491	2
5492	2
5493	2
5494	2
5495	2
5496	2
5497	2
5498	2
5499	2
5500	2
5501	2
5502	2
5503	2
5504	2
5505	2
5506	2
5507	2
5508	2
5509	2
5510	2
5511	2
5512	2
5513	2
5514	2
5515	2
5516	2
5517	2
5518	2
5519	2
5520	2
5521	2
5522	2
5523	2
5524	2
5525	2
5526	2
5527	2
5528	2
5529	2
5530	2
5531	2
5532	2
5533	2
5534	2
5535	2
5536	2
5537	2
5538	2
5539	2
5540	2
5541	2
5542	2
5543	2
5544	2
5545	2
5546	2
5547	2
5548	2
5549	2
5550	2
5551	2
5552	2
5553	2
5554	2
5555	2
5556	2
5557	2
5558	2
5559	2
5560	2
5561	2
5562	2
5563	2
5564	2
5565	2
5566	2
5567	2
5568	2
5569	2
5570	2
5571	2
5572	2
5573	2
5574	2
5575	2
5576	2
5577	2
5578	2
5579	2
5580	2
5581	2
5582	2
5583	2
5584	2
5585	2
5586	2
5587	2
5588	2
5589	2
5590	2
5591	2
5592	2
5593	2
5594	2
5595	2
5596	2
5597	2
5598	2
5599	2
5600	2
5601	2
5602	2
5603	2
5604	2
5605	2
5606	2
5607	2
5608	2
5609	2
5610	2
5611	2
5612	2
5613	2
5614	2
5615	2
5616	2
5617	2
5618	2
5619	2
5620	2
5621	2
5622	2
5623	2
5624	2
5625	2
5626	2
5627	2
5628	2
5629	2
5630	2
5631	2
5632	2
5633	2
5634	2
5635	2
5636	2
5637	2
5638	2
5639	2
5640	2
5641	2
5642	2
5643	2
5644	2
5645	2
5646	2
5647	2
5648	2
5649	2
5650	2
5651	2
5652	2
5653	2
5654	2
5655	2
5656	2
5657	2
5658	2
5659	2
5660	2
5661	2
5662	2
5663	2
5664	2
5665	2
5666	2
5667	2
5668	2
5669	2
5670	2
5671	2
5672	2
5673	2
5674	2
5675	2
5676	2
5677	2
5678	2
5679	2
5680	2
5681	2
5682	2
5683	2
5684	2
5685	2
5686	2
5687	2
5688	2
5689	2
5690	2
5691	2
5692	2
5693	2
5694	2
5695	2
5696	2
5697	2
5698	2
5699	2
5700	2
5701	2
5702	2
5703	2
5704	2
5705	2
5706	2
5707	2
5708	2
5709	2
5710	2
5711	2
5712	2
5713	2
5714	2
5715	2
5716	2
5717	2
5718	2
5719	2
5720	2
5721	2
5722	2
5723	2
5724	2
5725	2
5726	2
5727	2
5728	2
5729	2
5730	2
5731	2
5732	2
5733	2
5734	2
5735	2
5736	2
5737	2
5738	2
5739	2
5740	2
5741	2
5742	2
5743	2
5744	2
5745	2
5746	2
5747	2
5748	2
5749	2
5750	2
5751	2
5752	2
5753	2
5754	2
5755	2
5756	2
5757	2
5758	2
5759	2
5760	2
5761	2
5762	2
5763	2
5764	2
5765	2
5766	2
5767	2
5768	2
5769	2
5770	2
5771	2
5772	2
5773	2
5774	2
5775	2
5776	2
5777	2
5778	2
5779	2
5780	2
5781	2
5782	2
5783	2
5784	2
5785	2
5786	2
5787	2
5788	2
5789	2
5790	2
5791	2
5792	2
5793	2
5794	2
5795	2
5796	2
5797	2
5798	2
5799	2
5800	2
5801	2
5802	2
5803	2
5804	2
5805	2
5806	2
5807	2
5808	2
5809	2
5810	2
5811	2
5812	2
5813	2
5814	2
5815	2
5816	2
5817	2
5818	2
5819	2
5820	2
5821	2
5822	2
5823	2
5824	2
5825	2
5826	2
5827	2
5828	2
5829	2
5830	2
5831	2
5832	2
5833	2
5834	2
5835	2
5836	2
5837	2
5838	2
5839	2
5840	2
5841	2
5842	2
5843	2
5844	2
5845	2
5846	2
5847	2
5848	2
5849	2
5850	2
5851	2
5852	2
5853	2
5854	2
5855	2
5856	2
5857	2
5858	2
5859	2
5860	2
5861	2
5862	2
5863	2
5864	2
5865	2
5866	2
5867	2
5868	2
5869	2
5870	2
5871	2
5872	2
5873	2
5874	2
5875	2
5876	2
5877	2
5878	2
5879	2
5880	2
5881	2
5882	2
5883	2
5884	2
5885	2
5886	2
5887	2
5888	2
5889	2
5890	2
5891	2
5892	2
5893	2
5894	2
5895	2
5896	2
5897	2
5898	2
5899	2
5900	2
5901	2
5902	2
5903	2
5904	2
5905	2
5906	2
5907	2
5908	2
5909	2
5910	2
5911	2
5912	2
5913	2
5914	2
5915	2
5916	2
5917	2
5918	2
5919	2
5920	2
5921	2
5922	2
5923	2
5924	2
5925	2
5926	2
5927	2
5928	2
5929	2
5930	2
5931	2
5932	2
5933	2
5934	2
5935	2
5936	2
5937	2
5938	2
5939	2
5940	2
5941	2
5942	2
5943	2
5944	2
5945	2
5946	2
5947	2
5948	2
5949	2
5950	2
5951	2
5952	2
5953	2
5954	2
5955	2
5956	2
5957	2
5958	2
5959	2
5960	2
5961	2
5962	2
5963	2
5964	2
5965	2
5966	2
5967	2
5968	2
5969	2
5970	2
5971	2
5972	2
5973	2
5974	2
5975	2
5976	2
5977	2
5978	2
5979	2
5980	2
5981	2
5982	2
5983	2
5984	2
5985	2
5986	2
5987	2
5988	2
5989	2
5990	2
5991	2
5992	2
5993	2
5994	2
5995	2
5996	2
5997	2
5998	2
5999	2
6000	2
6001	2
6002	2
6003	2
6004	2
6005	2
6006	2
6007	2
6008	2
6009	2
6010	2
6011	2
6012	2
6013	2
6014	2
6015	2
6016	2
6017	2
6018	2
6019	2
6020	2
6021	2
6022	2
6023	2
6024	2
6025	2
6026	2
6027	2
6028	2
6029	2
6030	2
6031	2
6032	2
6033	2
6034	2
6035	2
6036	2
6037	2
6038	2
6039	2
6040	2
6041	2
6042	2
6043	2
6044	2
6045	2
6046	2
6047	2
6048	2
6049	2
6050	2
6051	2
6052	2
6053	2
6054	2
6055	2
6056	2
6057	2
6058	2
6059	2
6060	2
6061	2
6062	2
6063	2
6064	2
6065	2
6066	2
6067	2
6068	2
6069	2
6070	2
6071	2
6072	2
6073	2
6074	2
6075	2
6076	2
6077	2
6078	2
6079	2
6080	2
6081	2
6082	2
6083	2
6084	2
6085	2
6086	2
6087	2
6088	2
6089	2
6090	2
6091	2
6092	2
6093	2
6094	2
6095	2
6096	2
6097	2
6098	2
6099	2
6100	2
6101	2
6102	2
6103	2
6104	2
6105	2
6106	2
6107	2
6108	2
6109	2
6110	2
6111	2
6112	2
6113	2
6114	2
6115	2
6116	2
6117	2
6118	2
6119	2
6120	2
6121	2
6122	2
6123	2
6124	2
6125	2
6126	2
6127	2
6128	2
6129	2
6130	2
6131	2
6132	2
6133	2
6134	2
6135	2
6136	2
6137	2
6138	2
6139	2
6140	2
6141	2
6142	2
6143	2
6144	2
6145	2
6146	2
6147	2
6148	2
6149	2
6150	2
6151	2
6152	2
6153	2
6154	2
6155	2
6156	2
6157	2
6158	2
6159	2
6160	2
6161	2
6162	2
6163	2
6164	2
6165	2
6166	2
6167	2
6168	2
6169	2
6170	2
6171	2
6172	2
6173	2
6174	2
6175	2
6176	2
6177	2
6178	2
6179	2
6180	2
6181	2
6182	2
6183	2
6184	2
6185	2
6186	2
6187	2
6188	2
6189	2
6190	2
6191	2
6192	2
6193	2
6194	2
6195	2
6196	2
6197	2
6198	2
6199	2
6200	2
6201	2
6202	2
6203	2
6204	2
6205	2
6206	2
6207	2
6208	2
6209	2
6210	2
6211	2
6212	2
6213	2
6214	2
6215	2
6216	2
6217	2
6218	2
6219	2
6220	2
6221	2
6222	2
6223	2
6224	2
6225	2
6226	2
6227	2
6228	2
6229	2
6230	2
6231	2
6232	2
6233	2
6234	2
6235	2
6236	2
6237	2
6238	2
6239	2
6240	2
6241	2
6242	2
6243	2
6244	2
6245	2
6246	2
6247	2
6248	2
6249	2
6250	2
6251	2
6252	2
6253	2
6254	2
6255	2
6256	2
6257	2
6258	2
6259	2
6260	2
6261	2
6262	2
6263	2
6264	2
6265	2
6266	2
6267	2
6268	2
6269	2
6270	2
6271	2
6272	2
6273	2
6274	2
6275	2
6276	2
6277	2
6278	2
6279	2
6280	2
6281	2
6282	2
6283	2
6284	2
6285	2
6286	2
6287	2
6288	2
6289	2
6290	2
6291	2
6292	2
6293	2
6294	2
6295	2
6296	2
6297	2
6298	2
6299	2
6300	2
6301	2
6302	2
6303	2
6304	2
6305	2
6306	2
6307	2
6308	2
6309	2
6310	2
6311	2
6312	2
6313	2
6314	2
6315	2
6316	2
6317	2
6318	2
6319	2
6320	2
6321	2
6322	2
6323	2
6324	2
6325	2
6326	2
6327	2
6328	2
6329	2
6330	2
6331	2
6332	2
6333	2
6334	2
6335	2
6336	2
6337	2
6338	2
6339	2
6340	2
6341	2
6342	2
6343	2
6344	2
6345	2
6346	2
6347	2
6348	2
6349	2
6350	2
6351	2
6352	2
6353	2
6354	2
6355	2
6356	2
6357	2
6358	2
6359	2
6360	2
6361	2
6362	2
6363	2
6364	2
6365	2
6366	2
6367	2
6368	2
6369	2
6370	2
6371	2
6372	2
6373	2
6374	2
6375	2
6376	2
6377	2
6378	2
6379	2
6380	2
6381	2
6382	2
6383	2
6384	2
6385	2
6386	2
6387	2
6388	2
6389	2
6390	2
6391	2
6392	2
6393	2
6394	2
6395	2
6396	2
6397	2
6398	2
6399	2
6400	2
6401	2
6402	2
6403	2
6404	2
6405	2
6406	2
6407	2
6408	2
6409	2
6410	2
6411	2
6412	2
6413	2
6414	2
6415	2
6416	2
6417	2
6418	2
6419	2
6420	2
6421	2
6422	2
6423	2
6424	2
6425	2
6426	2
6427	2
6428	2
6429	2
6430	2
6431	2
6432	2
6433	2
6434	2
6435	2
6436	2
6437	2
6438	2
6439	2
6440	2
6441	2
6442	2
6443	2
6444	2
6445	2
6446	2
6447	2
6448	2
6449	2
6450	2
6451	2
6452	2
6453	2
6454	2
6455	2
6456	2
6457	2
6458	2
6459	2
6460	2
6461	2
6462	2
6463	2
6464	2
6465	2
6466	2
6467	2
6468	2
6469	2
6470	2
6471	2
6472	2
6473	2
6474	2
6475	2
6476	2
6477	2
6478	2
6479	2
6480	2
6481	2
6482	2
6483	2
6484	2
6485	2
6486	2
6487	2
6488	2
6489	2
6490	2
6491	2
6492	2
6493	2
6494	2
6495	2
6496	2
6497	2
6498	2
6499	2
6500	2
6501	2
6502	2
6503	2
6504	2
6505	2
6506	2
6507	2
6508	2
6509	2
6510	2
6511	2
6512	2
6513	2
6514	2
6515	2
6516	2
6517	2
6518	2
6519	2
6520	2
6521	2
6522	2
6523	2
6524	2
6525	2
6526	2
6527	2
6528	2
6529	2
6530	2
6531	2
6532	2
6533	2
6534	2
6535	2
6536	2
6537	2
6538	2
6539	2
6540	2
6541	2
6542	2
6543	2
6544	2
6545	2
6546	2
6547	2
6548	2
6549	2
6550	2
6551	2
6552	2
6553	2
6554	2
6555	2
6556	2
6557	2
6558	2
6559	2
6560	2
6561	2
6562	2
6563	2
6564	2
6565	2
6566	2
6567	2
6568	2
6569	2
6570	2
6571	2
6572	2
6573	2
6574	2
6575	2
6576	2
6577	2
6578	2
6579	2
6580	2
6581	2
6582	2
6583	2
6584	2
6585	2
6586	2
6587	2
6588	2
6589	2
6590	2
6591	2
6592	2
6593	2
6594	2
6595	2
6596	2
6597	2
6598	2
6599	2
6600	2
6601	2
6602	2
6603	2
6604	2
6605	2
6606	2
6607	2
6608	2
6609	2
6610	2
6611	2
6612	2
6613	2
6614	2
6615	2
6616	2
6617	2
6618	2
6619	2
6620	2
6621	2
6622	2
6623	2
6624	2
6625	2
6626	2
6627	2
6628	2
6629	2
6630	2
6631	2
6632	2
6633	2
6634	2
6635	2
6636	2
6637	2
6638	2
6639	2
6640	2
6641	2
6642	2
6643	2
6644	2
6645	2
6646	2
6647	2
6648	2
6649	2
6650	2
6651	2
6652	2
6653	2
6654	2
6655	2
6656	2
6657	2
6658	2
6659	2
6660	2
6661	2
6662	2
6663	2
6664	2
6665	2
6666	2
6667	2
6668	2
6669	2
6670	2
6671	2
6672	2
6673	2
6674	2
6675	2
6676	2
6677	2
6678	2
6679	2
6680	2
6681	2
6682	2
6683	2
6684	2
6685	2
6686	2
6687	2
6688	2
6689	2
6690	2
6691	2
6692	2
6693	2
6694	2
6695	2
6696	2
6697	2
6698	2
6699	2
6700	2
6701	2
6702	2
6703	2
6704	2
6705	2
6706	2
6707	2
6708	2
6709	2
6710	2
6711	2
6712	2
6713	2
6714	2
6715	2
6716	2
6717	2
6718	2
6719	2
6720	2
6721	2
6722	2
6723	2
6724	2
6725	2
6726	2
6727	2
6728	2
6729	2
6730	2
6731	2
6732	2
6733	2
6734	2
6735	2
6736	2
6737	2
6738	2
6739	2
6740	2
6741	2
6742	2
6743	2
6744	2
6745	2
6746	2
6747	2
6748	2
6749	2
6750	2
6751	2
6752	2
6753	2
6754	2
6755	2
6756	2
6757	2
6758	2
6759	2
6760	2
6761	2
6762	2
6763	2
6764	2
6765	2
6766	2
6767	2
6768	2
6769	2
6770	2
6771	2
6772	2
6773	2
6774	2
6775	2
6776	2
6777	2
6778	2
6779	2
6780	2
6781	2
6782	2
6783	2
6784	2
6785	2
6786	2
6787	2
6788	2
6789	2
6790	2
6791	2
6792	2
6793	2
6794	2
6795	2
6796	2
6797	2
6798	2
6799	2
6800	2
6801	2
6802	2
6803	2
6804	2
6805	2
6806	2
6807	2
6808	2
6809	2
6810	2
6811	2
6812	2
6813	2
6814	2
6815	2
6816	2
6817	2
6818	2
6819	2
6820	2
6821	2
6822	2
6823	2
6824	2
6825	2
6826	2
6827	2
6828	2
6829	2
6830	2
6831	2
6832	2
6833	2
6834	2
6835	2
6836	2
6837	2
6838	2
6839	2
6840	2
6841	2
6842	2
6843	2
6844	2
6845	2
6846	2
6847	2
6848	2
6849	2
6850	2
6851	2
6852	2
6853	2
6854	2
6855	2
6856	2
6857	2
6858	2
6859	2
6860	2
6861	2
6862	2
6863	2
6864	2
6865	2
6866	2
6867	2
6868	2
6869	2
6870	2
6871	2
6872	2
6873	2
6874	2
6875	2
6876	2
6877	2
6878	2
6879	2
6880	2
6881	2
6882	2
6883	2
6884	2
6885	2
6886	2
6887	2
6888	2
6889	2
6890	2
6891	2
6892	2
6893	2
6894	2
6895	2
6896	2
6897	2
6898	2
6899	2
6900	2
6901	2
6902	2
6903	2
6904	2
6905	2
6906	2
6907	2
6908	2
6909	2
6910	2
6911	2
6912	2
6913	2
6914	2
6915	2
6916	2
6917	2
6918	2
6919	2
6920	2
6921	2
6922	2
6923	2
6924	2
6925	2
6926	2
6927	2
6928	2
6929	2
6930	2
6931	2
6932	2
6933	2
6934	2
6935	2
6936	2
6937	2
6938	2
6939	2
6940	2
6941	2
6942	2
6943	2
6944	2
6945	2
6946	2
6947	2
6948	2
6949	2
6950	2
6951	2
6952	2
6953	2
6954	2
6955	2
6956	2
6957	2
6958	2
6959	2
6960	2
6961	2
6962	2
6963	2
6964	2
6965	2
6966	2
6967	2
6968	2
6969	2
6970	2
6971	2
6972	2
6973	2
6974	2
6975	2
6976	2
6977	2
6978	2
6979	2
6980	2
6981	2
6982	2
6983	2
6984	2
6985	2
6986	2
6987	2
6988	2
6989	2
6990	2
6991	2
6992	2
6993	2
6994	2
6995	2
6996	2
6997	2
6998	2
6999	2
7000	2
7001	2
7002	2
7003	2
7004	2
7005	2
7006	2
7007	2
7008	2
7009	2
7010	2
7011	2
7012	2
7013	2
7014	2
7015	2
7016	2
7017	2
7018	2
7019	2
7020	2
7021	2
7022	2
7023	2
7024	2
7025	2
7026	2
7027	2
7028	2
7029	2
7030	2
7031	2
7032	2
7033	2
7034	2
7035	2
7036	2
7037	2
7038	2
7039	2
7040	2
7041	2
7042	2
7043	2
7044	2
7045	2
7046	2
7047	2
7048	2
7049	2
7050	2
7051	2
7052	2
7053	2
7054	2
7055	2
7056	2
7057	2
7058	2
7059	2
7060	2
7061	2
7062	2
7063	2
7064	2
7065	2
7066	2
7067	2
7068	2
7069	2
7070	2
7071	2
7072	2
7073	2
7074	2
7075	2
7076	2
7077	2
7078	2
7079	2
7080	2
7081	2
7082	2
7083	2
7084	2
7085	2
7086	2
7087	2
7088	2
7089	2
7090	2
7091	2
7092	2
7093	2
7094	2
7095	2
7096	2
7097	2
7098	2
7099	2
7100	2
7101	2
7102	2
7103	2
7104	2
7105	2
7106	2
7107	2
7108	2
7109	2
7110	2
7111	2
7112	2
7113	2
7114	2
7115	2
7116	2
7117	2
7118	2
7119	2
7120	2
7121	2
7122	2
7123	2
7124	2
7125	2
7126	2
7127	2
7128	2
7129	2
7130	2
7131	2
7132	2
7133	2
7134	2
7135	2
7136	2
7137	2
7138	2
7139	2
7140	2
7141	2
7142	2
7143	2
7144	2
7145	2
7146	2
7147	2
7148	2
7149	2
7150	2
7151	2
7152	2
7153	2
7154	2
7155	2
7156	2
7157	2
7158	2
7159	2
7160	2
7161	2
7162	2
7163	2
7164	2
7165	2
7166	2
7167	2
7168	2
7169	2
7170	2
7171	2
7172	2
7173	2
7174	2
7175	2
7176	2
7177	2
7178	2
7179	2
7180	2
7181	2
7182	2
7183	2
7184	2
7185	2
7186	2
7187	2
7188	2
7189	2
7190	2
7191	2
7192	2
7193	2
7194	2
7195	2
7196	2
7197	2
7198	2
7199	2
7200	2
7201	2
7202	2
7203	2
7204	2
7205	2
7206	2
7207	2
7208	2
7209	2
7210	2
7211	2
7212	2
7213	2
7214	2
7215	2
7216	2
7217	2
7218	2
7219	2
7220	2
7221	2
7222	2
7223	2
7224	2
7225	2
7226	2
7227	2
7228	2
7229	2
7230	2
7231	2
7232	2
7233	2
7234	2
7235	2
7236	2
7237	2
7238	2
7239	2
7240	2
7241	2
7242	2
7243	2
7244	2
7245	2
7246	2
7247	2
7248	2
7249	2
7250	2
7251	2
7252	2
7253	2
7254	2
7255	2
7256	2
7257	2
7258	2
7259	2
7260	2
7261	2
7262	2
7263	2
7264	2
7265	2
7266	2
7267	2
7268	2
7269	2
7270	2
7271	2
7272	2
7273	2
7274	2
7275	2
7276	2
7277	2
7278	2
7279	2
7280	2
7281	2
7282	2
7283	2
7284	2
7285	2
7286	2
7287	2
7288	2
7289	2
7290	2
7291	2
7292	2
7293	2
7294	2
7295	2
7296	2
7297	2
7298	2
7299	2
7300	2
7301	2
7302	2
7303	2
7304	2
7305	2
7306	2
7307	2
7308	2
7309	2
7310	2
7311	2
7312	2
7313	2
7314	2
7315	2
7316	2
7317	2
7318	2
7319	2
7320	2
7321	2
7322	2
7323	2
7324	2
7325	2
7326	2
7327	2
7328	2
7329	2
7330	2
7331	2
7332	2
7333	2
7334	2
7335	2
7336	2
7337	2
7338	2
7339	2
7340	2
7341	2
7342	2
7343	2
7344	2
7345	2
7346	2
7347	2
7348	2
7349	2
7350	2
7351	2
7352	2
7353	2
7354	2
7355	2
7356	2
7357	2
7358	2
7359	2
7360	2
7361	2
7362	2
7363	2
7364	2
7365	2
7366	2
7367	2
7368	2
7369	2
7370	2
7371	2
7372	2
7373	2
7374	2
7375	2
7376	2
7377	2
7378	2
7379	2
7380	2
7381	2
7382	2
7383	2
7384	2
7385	2
7386	2
7387	2
7388	2
7389	2
7390	2
7391	2
7392	2
7393	1
7394	1
7395	1
7396	1
7397	1
7398	1
7399	1
7400	1
7401	1
7402	1
7403	1
7404	1
7405	1
7406	1
7407	1
7408	1
7409	1
7410	1
7411	1
7412	1
7413	1
7414	1
7415	1
7416	1
7417	1
7418	1
7419	1
7420	1
7421	1
7422	1
7423	1
7424	1
7425	1
7426	1
7427	1
7428	1
7429	1
7430	1
7431	1
7432	1
7433	1
7434	1
7435	1
7436	1
7437	1
7438	1
7439	1
7440	1
7441	1
7442	1
7443	1
7444	1
7445	1
7446	1
7447	1
7448	1
7449	1
7450	1
7451	1
7452	1
7453	1
7454	1
7455	1
7456	1
7457	1
7458	1
7459	1
7460	1
7461	1
7462	1
7463	1
7464	1
7465	1
7466	1
7467	1
7468	1
7469	1
7470	1
7471	1
7472	1
7473	1
7474	1
7475	1
7476	1
7477	1
7478	1
7479	1
7480	1
7481	1
7482	1
7483	1
7484	1
7485	1
7486	1
7487	1
7488	1
7489	1
7490	1
7491	1
7492	1
7493	1
7494	1
7495	1
7496	1
7497	1
7498	1
7499	1
7500	1
7501	1
7502	1
7503	1
7504	1
7505	1
7506	1
7507	1
7508	1
7509	1
7510	1
7511	1
7512	1
7513	1
7514	1
7515	1
7516	1
7517	1
7518	1
7519	1
7520	1
7521	1
7522	1
7523	1
7524	1
7525	1
7526	1
7527	1
7528	1
7529	1
7530	1
7531	1
7532	1
7533	1
7534	1
7535	1
7536	1
7537	1
7538	1
7539	1
7540	1
7541	1
7542	1
7543	1
7544	1
7545	1
7546	1
7547	1
7548	1
7549	1
7550	1
7551	1
7552	1
7553	1
7554	1
7555	1
7556	1
7557	1
7558	1
7559	1
7560	1
7561	1
7562	1
7563	1
7564	1
7565	1
7566	1
7567	1
7568	1
7569	1
7570	1
7571	1
7572	1
7573	1
7574	1
7575	1
7576	1
7577	1
7578	1
7579	1
7580	1
7581	1
7582	1
7583	1
7584	1
7585	1
7586	1
7587	1
7588	1
7589	1
7590	1
7591	1
7592	1
7593	1
7594	1
7595	1
7596	1
7597	1
7598	1
7599	1
7600	1
7601	1
7602	1
7603	1
7604	1
7605	1
7606	1
7607	1
7608	1
7609	1
7610	1
7611	1
7612	1
7613	1
7614	1
7615	1
7616	1
7617	1
7618	1
7619	1
7620	1
7621	1
7622	1
7623	1
7624	1
7625	1
7626	1
7627	1
7628	1
7629	1
7630	1
7631	1
7632	1
7633	1
7634	1
7635	1
7636	1
7637	1
7638	1
7639	1
7640	1
7641	1
7642	1
7643	1
7644	1
7645	1
7646	1
7647	1
7648	1
7649	1
7650	1
7651	1
7652	1
7653	1
7654	1
7655	1
7656	1
7657	1
7658	1
7659	1
7660	1
7661	1
7662	1
7663	1
7664	1
7665	1
7666	1
7667	1
7668	1
7669	1
7670	1
7671	1
7672	1
7673	1
7674	1
7675	1
7676	1
7677	1
7678	1
7679	1
7680	1
7681	1
7682	1
7683	1
7684	1
7685	1
7686	1
7687	1
7688	1
7689	1
7690	1
7691	1
7692	1
7693	1
7694	1
7695	1
7696	1
7697	1
7698	1
7699	1
7700	1
7701	1
7702	1
7703	1
7704	1
7705	1
7706	1
7707	1
7708	1
7709	1
7710	1
7711	1
7712	1
7713	1
7714	1
7715	1
7716	1
7717	1
7718	1
7719	1
7720	1
7721	1
7722	1
7723	1
7724	1
7725	1
7726	1
7727	1
7728	1
7729	1
7730	1
7731	1
7732	1
7733	1
7734	1
7735	1
7736	1
7737	1
7738	1
7739	1
7740	1
7741	1
7742	1
7743	1
7744	1
7745	1
7746	1
7747	1
7748	1
7749	1
7750	1
7751	1
7752	1
7753	1
7754	1
7755	1
7756	1
7757	1
7758	1
7759	1
7760	1
7761	1
7762	1
7763	1
7764	1
7765	1
7766	1
7767	1
7768	1
7769	1
7770	1
7771	1
7772	1
7773	1
7774	1
7775	1
7776	1
7777	1
7778	1
7779	1
7780	1
7781	1
7782	1
7783	1
7784	1
7785	1
7786	1
7787	1
7788	1
7789	1
7790	1
7791	1
7792	1
7793	1
7794	1
7795	1
7796	1
7797	1
7798	1
7799	1
7800	1
7801	1
7802	1
7803	1
7804	1
7805	1
7806	1
7807	1
7808	1
7809	1
7810	1
7811	1
7812	1
7813	1
7814	1
7815	1
7816	1
7817	1
7818	1
7819	1
7820	1
7821	1
7822	1
7823	1
7824	1
7825	1
7826	1
7827	1
7828	1
7829	1
7830	1
7831	1
7832	1
7833	1
7834	1
7835	1
7836	1
7837	1
7838	1
7839	1
7840	1
7841	1
7842	1
7843	1
7844	1
7845	1
7846	1
7847	1
7848	1
7849	1
7850	1
7851	1
7852	1
7853	1
7854	1
7855	1
7856	1
7857	1
7858	1
7859	1
7860	1
7861	1
7862	1
7863	1
7864	1
7865	1
7866	1
7867	1
7868	1
7869	1
7870	1
7871	1
7872	1
7873	1
7874	1
7875	1
7876	1
7877	1
7878	1
7879	1
7880	1
7881	1
7882	1
7883	1
7884	1
7885	1
7886	1
7887	1
7888	1
7889	1
7890	1
7891	1
7892	1
7893	1
7894	1
7895	1
7896	1
7897	1
7898	1
7899	1
7900	1
7901	1
7902	1
7903	1
7904	1
7905	1
7906	1
7907	1
7908	1
7909	1
7910	1
7911	1
7912	1
7913	1
7914	1
7915	1
7916	1
7917	1
7918	1
7919	1
7920	1
7921	1
7922	1
7923	1
7924	1
7925	1
7926	1
7927	1
7928	1
7929	1
7930	1
7931	1
7932	1
7933	1
7934	1
7935	1
7936	1
7937	1
7938	1
7939	1
7940	1
7941	1
7942	1
7943	1
7944	1
7945	1
7946	1
7947	1
7948	1
7949	1
7950	1
7951	1
7952	1
7953	1
7954	1
7955	1
7956	1
7957	1
7958	1
7959	1
7960	1
7961	1
7962	1
7963	1
7964	1
7965	1
7966	1
7967	1
7968	1
7969	1
7970	1
7971	1
7972	1
7973	1
7974	1
7975	1
7976	1
7977	1
7978	1
7979	1
7980	1
7981	1
7982	1
7983	1
7984	1
7985	1
7986	1
7987	1
7988	1
7989	1
7990	1
7991	1
7992	1
7993	1
7994	1
7995	1
7996	1
7997	1
7998	1
7999	1
8000	1
8001	1
8002	1
8003	1
8004	1
8005	1
8006	1
8007	1
8008	1
8009	1
8010	1
8011	1
8012	1
8013	1
8014	1
8015	1
8016	1
8017	1
8018	1
8019	1
8020	1
8021	1
8022	1
8023	1
8024	1
8025	1
8026	1
8027	1
8028	1
8029	1
8030	1
8031	1
8032	1
8033	1
8034	1
8035	1
8036	1
8037	1
8038	1
8039	1
8040	1
8041	1
8042	1
8043	1
8044	1
8045	1
8046	1
8047	1
8048	1
8049	1
8050	1
8051	1
8052	1
8053	1
8054	1
8055	1
8056	1
8057	1
8058	1
8059	1
8060	1
8061	1
8062	1
8063	1
8064	1
8065	1
8066	1
8067	1
8068	1
8069	1
8070	1
8071	1
8072	1
8073	1
8074	1
8075	1
8076	1
8077	1
8078	1
8079	1
8080	1
8081	1
8082	1
8083	1
8084	1
8085	1
8086	1
8087	1
8088	1
8089	1
8090	1
8091	1
8092	1
8093	1
8094	1
8095	1
8096	1
8097	1
8098	1
8099	1
8100	1
8101	1
8102	1
8103	1
8104	1
8105	1
8106	1
8107	1
8108	1
8109	1
8110	1
8111	1
8112	1
8113	1
8114	1
8115	1
8116	1
8117	1
8118	1
8119	1
8120	1
8121	1
8122	1
8123	1
8124	1
8125	1
8126	1
8127	1
8128	1
8129	1
8130	1
8131	1
8132	1
8133	1
8134	1
8135	1
8136	1
8137	1
8138	1
8139	1
8140	1
8141	1
8142	1
8143	1
8144	1
8145	1
8146	1
8147	1
8148	1
8149	1
8150	1
8151	1
8152	1
8153	1
8154	1
8155	1
8156	1
8157	1
8158	1
8159	1
8160	1
8161	1
8162	1
8163	1
8164	1
8165	1
8166	1
8167	1
8168	1
8169	1
8170	1
8171	1
8172	1
8173	1
8174	1
8175	1
8176	1
8177	1
8178	1
8179	1
8180	1
8181	1
8182	1
8183	1
8184	1
8185	1
8186	1
8187	1
8188	1
8189	1
8190	1
8191	1
8192	1
8193	1
8194	1
8195	1
8196	1
8197	1
8198	1
8199	1
8200	1
8201	1
8202	1
8203	1
8204	1
8205	1
8206	1
8207	1
8208	1
8209	1
8210	1
8211	1
8212	1
8213	1
8214	1
8215	1
8216	1
8217	1
8218	1
8219	1
8220	1
8221	1
8222	1
8223	1
8224	1
8225	1
8226	1
8227	1
8228	1
8229	1
8230	1
8231	1
8232	1
8233	1
8234	1
8235	1
8236	1
8237	1
8238	1
8239	1
8240	1
8241	1
8242	1
8243	1
8244	1
8245	1
8246	1
8247	1
8248	1
8249	1
8250	1
8251	1
8252	1
8253	1
8254	1
8255	1
8256	1
8257	1
8258	1
8259	1
8260	1
8261	1
8262	1
8263	1
8264	1
8265	1
8266	1
8267	1
8268	1
8269	1
8270	1
8271	1
8272	1
8273	1
8274	1
8275	1
8276	1
8277	1
8278	1
8279	1
8280	1
8281	1
8282	1
8283	1
8284	1
8285	1
8286	1
8287	1
8288	1
8289	1
8290	1
8291	1
8292	1
8293	1
8294	1
8295	1
8296	1
8297	1
8298	1
8299	1
8300	1
8301	1
8302	1
8303	1
8304	1
8305	1
8306	1
8307	1
8308	1
8309	1
8310	1
8311	1
8312	1
8313	1
8314	1
8315	1
8316	1
8317	1
8318	1
8319	1
8320	1
8321	1
8322	1
8323	1
8324	1
8325	1
8326	1
8327	1
8328	1
8329	1
8330	1
8331	1
8332	1
8333	1
8334	1
8335	1
8336	1
8337	1
8338	1
8339	1
8340	1
8341	1
8342	1
8343	1
8344	1
8345	1
8346	1
8347	1
8348	1
8349	1
8350	1
8351	1
8352	1
8353	1
8354	1
8355	1
8356	1
8357	1
8358	1
8359	1
8360	1
8361	1
8362	1
8363	1
8364	1
8365	1
8366	1
8367	1
8368	1
8369	1
8370	1
8371	1
8372	1
8373	1
8374	1
8375	1
8376	1
8377	1
8378	1
8379	1
8380	1
8381	1
8382	1
8383	1
8384	1
8385	1
8386	1
8387	1
8388	1
8389	1
8390	1
8391	1
8392	1
8393	1
8394	1
8395	1
8396	1
8397	1
8398	1
8399	1
8400	1
8401	1
8402	1
8403	1
8404	1
8405	1
8406	1
8407	1
8408	1
8409	1
8410	1
8411	1
8412	1
8413	1
8414	1
8415	1
8416	1
8417	1
8418	1
8419	1
8420	1
8421	1
8422	1
8423	1
8424	1
8425	1
8426	1
8427	1
8428	1
8429	1
8430	1
8431	1
8432	1
8433	1
8434	1
8435	1
8436	1
8437	1
8438	1
8439	1
8440	1
8441	1
8442	1
8443	1
8444	1
8445	1
8446	1
8447	1
8448	1
8449	1
8450	1
8451	1
8452	1
8453	1
8454	1
8455	1
8456	1
8457	1
8458	1
8459	1
8460	1
8461	1
8462	1
8463	1
8464	1
8465	1
8466	1
8467	1
8468	1
8469	1
8470	1
8471	1
8472	1
8473	1
8474	1
8475	1
8476	1
8477	1
8478	1
8479	1
8480	1
8481	1
8482	1
8483	1
8484	1
8485	1
8486	1
8487	1
8488	1
8489	1
8490	1
8491	1
8492	1
8493	1
8494	1
8495	1
8496	1
8497	1
8498	1
8499	1
8500	1
8501	1
8502	1
8503	1
8504	1
8505	1
8506	1
8507	1
8508	1
8509	1
8510	1
8511	1
8512	1
8513	1
8514	1
8515	1
8516	1
8517	1
8518	1
8519	1
8520	1
8521	1
8522	1
8523	1
8524	1
8525	1
8526	1
8527	1
8528	1
8529	1
8530	1
8531	1
8532	1
8533	1
8534	1
8535	1
8536	1
8537	1
8538	1
8539	1
8540	1
8541	1
8542	1
8543	1
8544	1
8545	1
8546	1
8547	1
8548	1
8549	1
8550	1
8551	1
8552	1
8553	1
8554	1
8555	1
8556	1
8557	1
8558	1
8559	1
8560	1
8561	1
8562	1
8563	1
8564	1
8565	1
8566	1
8567	1
8568	1
8569	1
8570	1
8571	1
8572	1
8573	1
8574	1
8575	1
8576	1
8577	1
8578	1
8579	1
8580	1
8581	1
8582	1
8583	1
8584	1
8585	1
8586	1
8587	1
8588	1
8589	1
8590	1
8591	1
8592	1
8593	1
8594	1
8595	1
8596	1
8597	1
8598	1
8599	1
8600	1
8601	1
8602	1
8603	1
8604	1
8605	1
8606	1
8607	1
8608	1
8609	1
8610	1
8611	1
8612	1
8613	1
8614	1
8615	1
8616	1
8617	1
8618	1
8619	1
8620	1
8621	1
8622	1
8623	1
8624	1
8625	1
8626	1
8627	1
8628	1
8629	1
8630	1
8631	1
8632	1
8633	1
8634	1
8635	1
8636	1
8637	1
8638	1
8639	1
8640	1
8641	1
8642	1
8643	1
8644	1
8645	1
8646	1
8647	1
8648	1
8649	1
8650	1
8651	1
8652	1
8653	1
8654	1
8655	1
8656	1
8657	1
8658	1
8659	1
8660	1
8661	1
8662	1
8663	1
8664	1
8665	1
8666	1
8667	1
8668	1
8669	1
8670	1
8671	1
8672	1
8673	1
8674	1
8675	1
8676	1
8677	1
8678	1
8679	1
8680	1
8681	1
8682	1
8683	1
8684	1
8685	1
8686	1
8687	1
8688	1
8689	1
8690	1
8691	1
8692	1
8693	1
8694	1
8695	1
8696	1
8697	1
8698	1
8699	1
8700	1
8701	1
8702	1
8703	1
8704	1
8705	1
8706	1
8707	1
8708	1
8709	1
8710	1
8711	1
8712	1
8713	1
8714	1
8715	1
8716	1
8717	1
8718	1
8719	1
8720	1
8721	1
8722	1
8723	1
8724	1
8725	1
8726	1
8727	1
8728	1
8729	1
8730	1
8731	1
8732	1
8733	1
8734	1
8735	1
8736	1
8737	1
8738	1
8739	1
8740	1
8741	1
8742	1
8743	1
8744	1
8745	1
8746	1
8747	1
8748	1
8749	1
8750	1
8751	1
8752	1
8753	1
8754	1
8755	1
8756	1
8757	1
8758	1
8759	1
8760	1
8761	1
8762	1
8763	1
8764	1
8765	1
8766	1
8767	1
8768	1
8769	1
8770	1
8771	1
8772	1
8773	1
8774	1
8775	1
8776	1
8777	1
8778	1
8779	1
8780	1
8781	1
8782	1
8783	1
8784	1
8785	1
8786	1
8787	1
8788	1
8789	1
8790	1
8791	1
8792	1
8793	1
8794	1
8795	1
8796	1
8797	1
8798	1
8799	1
8800	1
8801	1
8802	1
8803	1
8804	1
8805	1
8806	1
8807	1
8808	1
8809	1
8810	1
8811	1
8812	1
8813	1
8814	1
8815	1
8816	1
8817	1
8818	1
8819	1
8820	1
8821	1
8822	1
8823	1
8824	1
8825	1
8826	1
8827	1
8828	1
8829	1
8830	1
8831	1
8832	1
8833	1
8834	1
8835	1
8836	1
8837	1
8838	1
8839	1
8840	1
8841	1
8842	1
8843	1
8844	1
8845	1
8846	1
8847	1
8848	1
8849	1
8850	1
8851	1
8852	1
8853	1
8854	1
8855	1
8856	1
8857	1
8858	1
8859	1
8860	1
8861	1
8862	1
8863	1
8864	1
8865	1
8866	1
8867	1
8868	1
8869	1
8870	1
8871	1
8872	1
8873	1
8874	1
8875	1
8876	1
8877	1
8878	1
8879	1
8880	1
8881	1
8882	1
8883	1
8884	1
8885	1
8886	1
8887	1
8888	1
8889	1
8890	1
8891	1
8892	1
8893	1
8894	1
8895	1
8896	1
8897	1
8898	1
8899	1
8900	1
8901	1
8902	1
8903	1
8904	1
8905	1
8906	1
8907	1
8908	1
8909	1
8910	1
8911	1
8912	1
8913	1
8914	1
8915	1
8916	1
8917	1
8918	1
8919	1
8920	1
8921	1
8922	1
8923	1
8924	1
8925	1
8926	1
8927	1
8928	1
8929	1
8930	1
8931	1
8932	1
8933	1
8934	1
8935	1
8936	1
8937	1
8938	1
8939	1
8940	1
8941	1
8942	1
8943	1
8944	1
8945	1
8946	1
8947	1
8948	1
8949	1
8950	1
8951	1
8952	1
8953	1
8954	1
8955	1
8956	1
8957	1
8958	1
8959	1
8960	1
8961	1
8962	1
8963	1
8964	1
8965	1
8966	1
8967	1
8968	1
8969	1
8970	1
8971	1
8972	1
8973	1
8974	1
8975	1
8976	1
8977	1
8978	1
8979	1
8980	1
8981	1
8982	1
8983	1
8984	1
8985	1
8986	1
8987	1
8988	1
8989	1
8990	1
8991	1
8992	1
8993	1
8994	1
8995	1
8996	1
8997	1
8998	1
8999	1
9000	1
9001	1
9002	1
9003	1
9004	1
9005	1
9006	1
9007	1
9008	1
9009	1
9010	1
9011	1
9012	1
9013	1
9014	1
9015	1
9016	1
9017	1
9018	1
9019	1
9020	1
9021	1
9022	1
9023	1
9024	1
9025	1
9026	1
9027	1
9028	1
9029	1
9030	1
9031	1
9032	1
9033	1
9034	1
9035	1
9036	1
9037	1
9038	1
9039	1
9040	1
9041	1
9042	1
9043	1
9044	1
9045	1
9046	1
9047	1
9048	1
9049	1
9050	1
9051	1
9052	1
9053	1
9054	1
9055	1
9056	1
9057	1
9058	1
9059	1
9060	1
9061	1
9062	1
9063	1
9064	1
9065	1
9066	1
9067	1
9068	1
9069	1
9070	1
9071	1
9072	1
9073	1
9074	1
9075	1
9076	1
9077	1
9078	1
9079	1
9080	1
9081	1
9082	1
9083	1
9084	1
9085	1
9086	1
9087	1
9088	1
9089	1
9090	1
9091	1
9092	1
9093	1
9094	1
9095	1
9096	1
9097	1
9098	1
9099	1
9100	1
9101	1
9102	1
9103	1
9104	1
9105	1
9106	1
9107	1
9108	1
9109	1
9110	1
9111	1
9112	1
9113	1
9114	1
9115	1
9116	1
9117	1
9118	1
9119	1
9120	1
9121	1
9122	1
9123	1
9124	1
9125	1
9126	1
9127	1
9128	1
9129	1
9130	1
9131	1
9132	1
9133	1
9134	1
9135	1
9136	1
9137	1
9138	1
9139	1
9140	1
9141	1
9142	1
9143	1
9144	1
9145	1
9146	1
9147	1
9148	1
9149	1
9150	1
9151	1
9152	1
9153	1
9154	1
9155	1
9156	1
9157	1
9158	1
9159	1
9160	1
9161	1
9162	1
9163	1
9164	1
9165	1
9166	1
9167	1
9168	1
9169	1
9170	1
9171	1
9172	1
9173	1
9174	1
9175	1
9176	1
9177	1
9178	1
9179	1
9180	1
9181	1
9182	1
9183	1
9184	1
9185	1
9186	1
9187	1
9188	1
9189	1
9190	1
9191	1
9192	1
9193	1
9194	1
9195	1
9196	1
9197	1
9198	1
9199	1
9200	1
9201	1
9202	1
9203	1
9204	1
9205	1
9206	1
9207	1
9208	1
9209	1
9210	1
9211	1
9212	1
9213	1
9214	1
9215	1
9216	1
9217	1
9218	1
9219	1
9220	1
9221	1
9222	1
9223	1
9224	1
9225	1
9226	1
9227	1
9228	1
9229	1
9230	1
9231	1
9232	1
9233	1
9234	1
9235	1
9236	1
9237	1
9238	1
9239	1
9240	1
9241	1
9242	1
9243	1
9244	1
9245	1
9246	1
9247	1
9248	1
9249	1
9250	1
9251	1
9252	1
9253	1
9254	1
9255	1
9256	1
9257	1
9258	1
9259	1
9260	1
9261	1
9262	1
9263	1
9264	1
9265	1
9266	1
9267	1
9268	1
9269	1
9270	1
9271	1
9272	1
9273	1
9274	1
9275	1
9276	1
9277	1
9278	1
9279	1
9280	1
9281	1
9282	1
9283	1
9284	1
9285	1
9286	1
9287	1
9288	1
9289	1
9290	1
9291	1
9292	1
9293	1
9294	1
9295	1
9296	1
9297	1
9298	1
9299	1
9300	1
9301	1
9302	1
9303	1
9304	1
9305	1
9306	1
9307	1
9308	1
9309	1
9310	1
9311	1
9312	1
9313	1
9314	1
9315	1
9316	1
9317	1
9318	1
9319	1
9320	1
9321	1
9322	1
9323	1
9324	1
9325	1
9326	1
9327	1
9328	1
9329	1
9330	1
9331	1
9332	1
9333	1
9334	1
9335	1
9336	1
9337	1
9338	1
9339	1
9340	1
9341	1
9342	1
9343	1
9344	1
9345	1
9346	1
9347	1
9348	1
9349	1
9350	1
9351	1
9352	1
9353	1
9354	1
9355	1
9356	1
9357	1
9358	1
9359	1
9360	1
9361	1
9362	1
9363	1
9364	1
9365	1
9366	1
9367	1
9368	1
9369	1
9370	1
9371	1
9372	1
9373	1
9374	1
9375	1
9376	1
9377	1
9378	1
9379	1
9380	1
9381	1
9382	1
9383	1
9384	1
9385	1
9386	1
9387	1
9388	1
9389	1
9390	1
9391	1
9392	1
9393	1
9394	1
9395	1
9396	1
9397	1
9398	1
9399	1
9400	1
9401	1
9402	1
9403	1
9404	1
9405	1
9406	1
9407	1
9408	1
9409	1
9410	1
9411	1
9412	1
9413	1
9414	1
9415	1
9416	1
9417	1
9418	1
9419	1
9420	1
9421	1
9422	1
9423	1
9424	1
9425	1
9426	1
9427	1
9428	1
9429	1
9430	1
9431	1
9432	1
9433	1
9434	1
9435	1
9436	1
9437	1
9438	1
9439	1
9440	1
9441	1
9442	1
9443	1
9444	1
9445	1
9446	1
9447	1
9448	1
9449	1
9450	1
9451	1
9452	1
9453	1
9454	1
9455	1
9456	1
9457	1
9458	1
9459	1
9460	1
9461	1
9462	1
9463	1
9464	1
9465	1
9466	1
9467	1
9468	1
9469	1
9470	1
9471	1
9472	1
9473	1
9474	1
9475	1
9476	1
9477	1
9478	1
9479	1
9480	1
9481	1
9482	1
9483	1
9484	1
9485	1
9486	1
9487	1
9488	1
9489	1
9490	1
9491	1
9492	1
9493	1
9494	1
9495	1
9496	1
9497	1
9498	1
9499	1
9500	1
9501	1
9502	1
9503	1
9504	1
9505	1
9506	1
9507	1
9508	1
9509	1
9510	1
9511	1
9512	1
9513	1
9514	1
9515	1
9516	1
9517	1
9518	1
9519	1
9520	1
9521	1
9522	1
9523	1
9524	1
9525	1
9526	1
9527	1
9528	1
9529	1
9530	1
9531	1
9532	1
9533	1
9534	1
9535	1
9536	1
9537	1
9538	1
9539	1
9540	1
9541	1
9542	1
9543	1
9544	1
9545	1
9546	1
9547	1
9548	1
9549	1
9550	1
9551	1
9552	1
9553	1
9554	1
9555	1
9556	1
9557	1
9558	1
9559	1
9560	1
9561	1
9562	1
9563	1
9564	1
9565	1
9566	1
9567	1
9568	1
9569	1
9570	1
9571	1
9572	1
9573	1
9574	1
9575	1
9576	1
9577	1
9578	1
9579	1
9580	1
9581	1
9582	1
9583	1
9584	1
9585	1
9586	1
9587	1
9588	1
9589	1
9590	1
9591	1
9592	1
9593	1
9594	1
9595	1
9596	1
9597	1
9598	1
9599	1
9600	1
9601	1
9602	1
9603	1
9604	1
9605	1
9606	1
9607	1
9608	1
9609	1
9610	1
9611	1
9612	1
9613	1
9614	1
9615	1
9616	1
9617	1
9618	1
9619	1
9620	1
9621	1
9622	1
9623	1
9624	1
9625	1
9626	1
9627	1
9628	1
9629	1
9630	1
9631	1
9632	1
9633	1
9634	1
9635	1
9636	1
9637	1
9638	1
9639	1
9640	1
9641	1
9642	1
9643	1
9644	1
9645	1
9646	1
9647	1
9648	1
9649	1
9650	1
9651	1
9652	1
9653	1
9654	1
9655	1
9656	1
9657	1
9658	1
9659	1
9660	1
9661	1
9662	1
9663	1
9664	1
9665	1
9666	1
9667	1
9668	1
9669	1
9670	1
9671	1
9672	1
9673	1
9674	1
9675	1
9676	1
9677	1
9678	1
9679	1
9680	1
9681	1
9682	1
9683	1
9684	1
9685	1
9686	1
9687	1
9688	1
9689	1
9690	1
9691	1
9692	1
9693	1
9694	1
9695	1
9696	1
9697	1
9698	1
9699	1
9700	1
9701	1
9702	1
9703	1
9704	1
9705	1
9706	1
9707	1
9708	1
9709	1
9710	1
9711	1
9712	1
9713	1
9714	1
9715	1
9716	1
9717	1
9718	1
9719	1
9720	1
9721	1
9722	1
9723	1
9724	1
9725	1
9726	1
9727	1
9728	1
9729	1
9730	1
9731	1
9732	1
9733	1
9734	1
9735	1
9736	1
9737	1
9738	1
9739	1
9740	1
9741	1
9742	1
9743	1
9744	1
9745	1
9746	1
9747	1
9748	1
9749	1
9750	1
9751	1
9752	1
9753	1
9754	1
9755	1
9756	1
9757	1
9758	1
9759	1
9760	1
9761	1
9762	1
9763	1
9764	1
9765	1
9766	1
9767	1
9768	1
9769	1
9770	1
9771	1
9772	1
9773	1
9774	1
9775	1
9776	1
9777	1
9778	1
9779	1
9780	1
9781	1
9782	1
9783	1
9784	1
9785	1
9786	1
9787	1
9788	1
9789	1
9790	1
9791	1
9792	1
9793	1
9794	1
9795	1
9796	1
9797	1
9798	1
9799	1
9800	1
9801	1
9802	1
9803	1
9804	1
9805	1
9806	1
9807	1
9808	1
9809	1
9810	1
9811	1
9812	1
9813	1
9814	1
9815	1
9816	1
9817	1
9818	1
9819	1
9820	1
9821	1
9822	1
9823	1
9824	1
9825	1
9826	1
9827	1
9828	1
9829	1
9830	1
9831	1
9832	1
9833	1
9834	1
9835	1
9836	1
9837	1
9838	1
9839	1
9840	1
9841	1
9842	1
9843	1
9844	1
9845	1
9846	1
9847	1
9848	1
9849	1
9850	1
9851	1
9852	1
9853	1
9854	1
9855	1
9856	1
9857	1
9858	1
9859	1
9860	1
9861	1
9862	1
9863	1
9864	1
9865	1
9866	1
9867	1
9868	1
9869	1
9870	1
9871	1
9872	1
9873	1
9874	1
9875	1
9876	1
9877	1
9878	1
9879	1
9880	1
9881	1
9882	1
9883	1
9884	1
9885	1
9886	1
9887	1
9888	1
9889	1
9890	1
9891	1
9892	1
9893	1
9894	1
9895	1
9896	1
9897	1
9898	1
9899	1
9900	1
9901	1
9902	1
9903	1
9904	1
9905	1
9906	1
9907	1
9908	1
9909	1
9910	1
9911	1
9912	1
9913	1
9914	1
9915	1
9916	1
9917	1
9918	1
9919	1
9920	1
9921	1
9922	1
9923	1
9924	1
9925	1
9926	1
9927	1
9928	1
9929	1
9930	1
9931	1
9932	1
9933	1
9934	1
9935	1
9936	1
9937	1
9938	1
9939	1
9940	1
9941	1
9942	1
9943	1
9944	1
9945	1
9946	1
9947	1
9948	1
9949	1
9950	1
9951	1
9952	1
9953	1
9954	1
9955	1
9956	1
9957	1
9958	1
9959	1
9960	1
9961	1
9962	1
9963	1
9964	1
9965	1
9966	1
9967	1
9968	1
9969	1
9970	1
9971	1
9972	1
9973	1
9974	1
9975	1
9976	1
9977	1
9978	1
9979	1
9980	1
9981	1
9982	1
9983	1
9984	1
9985	1
9986	1
9987	1
9988	1
9989	1
9990	1
9991	1
9992	1
9993	1
9994	1
9995	1
9996	1
9997	1
9998	1
9999	1
10000	1
10001	1
10002	1
10003	1
10004	1
10005	1
10006	1
10007	1
10008	1
10009	1
10010	1
10011	1
10012	1
10013	1
10014	1
10015	1
10016	1
10017	1
10018	1
10019	1
10020	1
10021	1
10022	1
10023	1
10024	1
10025	1
10026	1
10027	1
10028	1
10029	1
10030	1
10031	1
10032	1
10033	1
10034	1
10035	1
10036	1
10037	1
10038	1
10039	1
10040	1
10041	1
10042	1
10043	1
10044	1
10045	1
10046	1
10047	1
10048	1
10049	1
10050	1
10051	1
10052	1
10053	1
10054	1
10055	1
10056	1
10057	1
10058	1
10059	1
10060	1
10061	1
10062	1
10063	1
10064	1
10065	1
10066	1
10067	1
10068	1
10069	1
10070	1
10071	1
10072	1
10073	1
10074	1
10075	1
10076	1
10077	1
10078	1
10079	1
10080	1
10081	1
10082	1
10083	1
10084	1
10085	1
10086	1
10087	1
10088	1
10089	1
10090	1
10091	1
10092	1
10093	1
10094	1
10095	1
10096	1
10097	1
10098	1
10099	1
10100	1
10101	1
10102	1
10103	1
10104	1
10105	1
10106	1
10107	1
10108	1
10109	1
10110	1
10111	1
10112	1
10113	1
10114	1
10115	1
10116	1
10117	1
10118	1
10119	1
10120	1
10121	1
10122	1
10123	1
10124	1
10125	1
10126	1
10127	1
10128	1
10129	1
10130	1
10131	1
10132	1
10133	1
10134	1
10135	1
10136	1
10137	1
10138	1
10139	1
10140	1
10141	1
10142	1
10143	1
10144	1
10145	1
10146	1
10147	1
10148	1
10149	1
10150	1
10151	1
10152	1
10153	1
10154	1
10155	1
10156	1
10157	1
10158	1
10159	1
10160	1
10161	1
10162	1
10163	1
10164	1
10165	1
10166	1
10167	1
10168	1
10169	1
10170	1
10171	1
10172	1
10173	1
10174	1
10175	1
10176	1
10177	1
10178	1
10179	1
10180	1
10181	1
10182	1
10183	1
10184	1
10185	1
10186	1
10187	1
10188	1
10189	1
10190	1
10191	1
10192	1
10193	1
10194	1
10195	1
10196	1
10197	1
10198	1
10199	1
10200	1
10201	1
10202	1
10203	1
10204	1
10205	1
10206	1
10207	1
10208	1
10209	1
10210	1
10211	1
10212	1
10213	1
10214	1
10215	1
10216	1
10217	1
10218	1
10219	1
10220	1
10221	1
10222	1
10223	1
10224	1
10225	1
10226	1
10227	1
10228	1
10229	1
10230	1
10231	1
10232	1
10233	1
10234	1
10235	1
10236	1
10237	1
10238	1
10239	1
10240	1
10241	1
10242	1
10243	1
10244	1
10245	1
10246	1
10247	1
10248	1
10249	1
10250	1
10251	1
10252	1
10253	1
10254	1
10255	1
10256	1
10257	1
10258	1
10259	1
10260	1
10261	1
10262	1
10263	1
10264	1
10265	1
10266	1
10267	1
10268	1
10269	1
10270	1
10271	1
10272	1
10273	1
10274	1
10275	1
10276	1
10277	1
10278	1
10279	1
10280	1
10281	1
10282	1
10283	1
10284	1
10285	1
10286	1
10287	1
10288	1
10289	1
10290	1
10291	1
10292	1
10293	1
10294	1
10295	1
10296	1
10297	1
10298	1
10299	1
10300	1
10301	1
10302	1
10303	1
10304	1
10305	1
10306	1
10307	1
10308	1
10309	1
10310	1
10311	1
10312	1
10313	1
10314	1
10315	1
10316	1
10317	1
10318	1
10319	1
10320	1
10321	1
10322	1
10323	1
10324	1
10325	1
10326	1
10327	1
10328	1
10329	1
10330	1
10331	1
10332	1
10333	1
10334	1
10335	1
10336	1
10337	1
10338	1
10339	1
10340	1
10341	1
10342	1
10343	1
10344	1
10345	1
10346	1
10347	1
10348	1
10349	1
10350	1
10351	1
10352	1
10353	1
10354	1
10355	1
10356	1
10357	1
10358	1
10359	1
10360	1
10361	1
10362	1
10363	1
10364	1
10365	1
10366	1
10367	1
10368	1
10369	1
10370	1
10371	1
10372	1
10373	1
10374	1
10375	1
10376	1
10377	1
10378	1
10379	1
10380	1
10381	1
10382	1
10383	1
10384	1
10385	1
10386	1
10387	1
10388	1
10389	1
10390	1
10391	1
10392	1
10393	1
10394	1
10395	1
10396	1
10397	1
10398	1
10399	1
10400	1
10401	1
10402	1
10403	1
10404	1
10405	1
10406	1
10407	1
10408	1
10409	1
10410	1
10411	1
10412	1
10413	1
10414	1
10415	1
10416	1
10417	1
10418	1
10419	1
10420	1
10421	1
10422	1
10423	1
10424	1
10425	1
10426	1
10427	1
10428	1
10429	1
10430	1
10431	1
10432	1
10433	1
10434	1
10435	1
10436	1
10437	1
10438	1
10439	1
10440	1
10441	1
10442	1
10443	1
10444	1
10445	1
10446	1
10447	1
10448	1
10449	1
10450	1
10451	1
10452	1
10453	1
10454	1
10455	1
10456	1
10457	1
10458	1
10459	1
10460	1
10461	1
10462	1
10463	1
10464	1
10465	1
10466	1
10467	1
10468	1
10469	1
10470	1
10471	1
10472	1
10473	1
10474	1
10475	1
10476	1
10477	1
10478	1
10479	1
10480	1
10481	1
10482	1
10483	1
10484	1
10485	1
10486	1
10487	1
10488	1
10489	1
10490	1
10491	1
10492	1
10493	1
10494	1
10495	1
10496	1
10497	1
10498	1
10499	1
10500	1
10501	1
10502	1
10503	1
10504	1
10505	1
10506	1
10507	1
10508	1
10509	1
10510	1
10511	1
10512	1
10513	1
10514	1
10515	1
10516	1
10517	1
10518	1
10519	1
10520	1
10521	1
10522	1
10523	1
10524	1
10525	1
10526	1
10527	1
10528	1
10529	1
10530	1
10531	1
10532	1
10533	1
10534	1
10535	1
10536	1
10537	1
10538	1
10539	1
10540	1
10541	1
10542	1
10543	1
10544	1
10545	1
10546	1
10547	1
10548	1
10549	1
10550	1
10551	1
10552	1
10553	1
10554	1
10555	1
10556	1
10557	1
10558	1
10559	1
10560	1
10561	1
10562	1
10563	1
10564	1
10565	1
10566	1
10567	1
10568	1
10569	1
10570	1
10571	1
10572	1
10573	1
10574	1
10575	1
10576	1
10577	1
10578	1
10579	1
10580	1
10581	1
10582	1
10583	1
10584	1
10585	1
10586	1
10587	1
10588	1
10589	1
10590	1
10591	1
10592	1
10593	1
10594	1
10595	1
10596	1
10597	1
10598	1
10599	1
10600	1
10601	1
10602	1
10603	1
10604	1
10605	1
10606	1
10607	1
10608	1
10609	1
10610	1
10611	1
10612	1
10613	1
10614	1
10615	1
10616	1
10617	1
10618	1
10619	1
10620	1
10621	1
10622	1
10623	1
10624	1
10625	1
10626	1
10627	1
10628	1
10629	1
10630	1
10631	1
10632	1
10633	1
10634	1
10635	1
10636	1
10637	1
10638	1
10639	1
10640	1
10641	1
10642	1
10643	1
10644	1
10645	1
10646	1
10647	1
10648	1
10649	1
10650	1
10651	1
10652	1
10653	1
10654	1
10655	1
10656	1
10657	1
10658	1
10659	1
10660	1
10661	1
10662	1
10663	1
10664	1
10665	1
10666	1
10667	1
10668	1
10669	1
10670	1
10671	1
10672	1
10673	1
10674	1
10675	1
10676	1
10677	1
10678	1
10679	1
10680	1
10681	1
10682	1
10683	1
10684	1
10685	1
10686	1
10687	1
10688	1
10689	1
10690	1
10691	1
10692	1
10693	1
10694	1
10695	1
10696	1
10697	1
10698	1
10699	1
10700	1
10701	1
10702	1
10703	1
10704	1
10705	1
10706	1
10707	1
10708	1
10709	1
10710	1
10711	1
10712	1
10713	1
10714	1
10715	1
10716	1
10717	1
10718	1
10719	1
10720	1
10721	1
10722	1
10723	1
10724	1
10725	1
10726	1
10727	1
10728	1
10729	1
10730	1
10731	1
10732	1
10733	1
10734	1
10735	1
10736	1
10737	1
10738	1
10739	1
10740	1
10741	1
10742	1
10743	1
10744	1
10745	1
10746	1
10747	1
10748	1
10749	1
10750	1
10751	1
10752	1
10753	1
10754	1
10755	1
10756	1
10757	1
10758	1
10759	1
10760	1
10761	1
10762	1
10763	1
10764	1
10765	1
10766	1
10767	1
10768	1
10769	1
10770	1
10771	1
10772	1
10773	1
10774	1
10775	1
10776	1
10777	1
10778	1
10779	1
10780	1
10781	1
10782	1
10783	1
10784	1
10785	1
10786	1
10787	1
10788	1
10789	1
10790	1
10791	1
10792	1
10793	1
10794	1
10795	1
10796	1
10797	1
10798	1
10799	1
10800	1
10801	1
10802	1
10803	1
10804	1
10805	1
10806	1
10807	1
10808	1
10809	1
10810	1
10811	1
10812	1
10813	1
10814	1
10815	1
10816	1
10817	1
10818	1
10819	1
10820	1
10821	1
10822	1
10823	1
10824	1
10825	1
10826	1
10827	1
10828	1
10829	1
10830	1
10831	1
10832	1
10833	1
10834	1
10835	1
10836	1
10837	1
10838	1
10839	1
10840	1
10841	1
10842	1
10843	1
10844	1
10845	1
10846	1
10847	1
10848	1
10849	1
10850	1
10851	1
10852	1
10853	1
10854	1
10855	1
10856	1
10857	1
10858	1
10859	1
10860	1
10861	1
10862	1
10863	1
10864	1
10865	1
10866	1
10867	1
10868	1
10869	1
10870	1
10871	1
10872	1
10873	1
10874	1
10875	1
10876	1
10877	1
10878	1
10879	1
10880	1
10881	1
10882	1
10883	1
10884	1
10885	1
10886	1
10887	1
10888	1
10889	1
10890	1
10891	1
10892	1
10893	1
10894	1
10895	1
10896	1
10897	1
10898	1
10899	1
10900	1
10901	1
10902	1
10903	1
10904	1
10905	1
10906	1
10907	1
10908	1
10909	1
10910	1
10911	1
10912	1
10913	1
10914	1
10915	1
10916	1
10917	1
10918	1
10919	1
10920	1
10921	1
10922	1
10923	1
10924	1
10925	1
10926	1
10927	1
10928	1
10929	1
10930	1
10931	1
10932	1
10933	1
10934	1
10935	1
10936	1
10937	1
10938	1
10939	1
10940	1
10941	1
10942	1
10943	1
10944	1
10945	1
10946	1
10947	1
10948	1
10949	1
10950	1
10951	1
10952	1
10953	1
10954	1
10955	1
10956	1
10957	1
10958	1
10959	1
10960	1
10961	1
10962	1
10963	1
10964	1
10965	1
10966	1
10967	1
10968	1
10969	1
10970	1
10971	1
10972	1
10973	1
10974	1
10975	1
10976	1
10977	1
10978	1
10979	1
10980	1
10981	1
10982	1
10983	1
10984	1
10985	1
10986	1
10987	1
10988	1
10989	1
10990	1
10991	1
10992	1
10993	1
10994	1
10995	1
10996	1
10997	1
10998	1
10999	1
11000	1
11001	1
11002	1
11003	1
11004	1
11005	1
11006	1
11007	1
11008	1
11009	1
11010	1
11011	1
11012	1
11013	1
11014	1
11015	1
11016	1
11017	1
11018	1
11019	1
11020	1
11021	1
11022	1
11023	1
11024	1
11025	1
11026	1
11027	1
11028	1
11029	1
11030	1
11031	1
11032	1
11033	1
11034	1
11035	1
11036	1
11037	1
11038	1
11039	1
11040	1
11041	1
11042	1
11043	1
11044	1
11045	1
11046	1
11047	1
11048	1
11049	1
11050	1
11051	1
11052	1
11053	1
11054	1
11055	1
11056	1
11057	1
11058	1
11059	1
11060	1
11061	1
11062	1
11063	1
11064	1
11065	1
11066	1
11067	1
11068	1
11069	1
11070	1
11071	1
11072	1
11073	1
11074	1
11075	1
11076	1
11077	1
11078	1
11079	1
11080	1
11081	1
11082	1
11083	1
11084	1
11085	1
11086	1
11087	1
11088	1
11089	1
11090	1
11091	1
11092	1
11093	1
11094	1
11095	1
11096	1
11097	1
11098	1
11099	1
11100	1
11101	1
11102	1
11103	1
11104	1
11105	1
11106	1
11107	1
11108	1
11109	1
11110	1
11111	1
11112	1
11113	1
11114	1
11115	1
11116	1
11117	1
11118	1
11119	1
11120	1
11121	1
11122	1
11123	1
11124	1
11125	1
11126	1
11127	1
11128	1
11129	1
11130	1
11131	1
11132	1
11133	1
11134	1
11135	1
11136	1
11137	1
11138	1
11139	1
11140	1
11141	1
11142	1
11143	1
11144	1
11145	1
11146	1
11147	1
11148	1
11149	1
11150	1
11151	1
11152	1
11153	1
11154	1
11155	1
11156	1
11157	1
11158	1
11159	1
11160	1
11161	1
11162	1
11163	1
11164	1
11165	1
11166	1
11167	1
11168	1
11169	1
11170	1
11171	1
11172	1
11173	1
11174	1
11175	1
11176	1
11177	1
11178	1
11179	1
11180	1
11181	1
11182	1
11183	1
11184	1
11185	1
11186	1
11187	1
11188	1
11189	1
11190	1
11191	1
11192	1
11193	1
11194	1
11195	1
11196	1
11197	1
11198	1
11199	1
11200	1
11201	1
11202	1
11203	1
11204	1
11205	1
11206	1
11207	1
11208	1
11209	1
11210	1
11211	1
11212	1
11213	1
11214	1
11215	1
11216	1
11217	1
11218	1
11219	1
11220	1
11221	1
11222	1
11223	1
11224	1
11225	1
11226	1
11227	1
11228	1
11229	1
11230	1
11231	1
11232	1
11233	1
11234	1
11235	1
11236	1
11237	1
11238	1
11239	1
11240	1
11241	1
11242	1
11243	1
11244	1
11245	1
11246	1
11247	1
11248	1
11249	1
11250	1
11251	1
11252	1
11253	1
11254	1
11255	1
11256	1
11257	1
11258	1
11259	1
11260	1
11261	1
11262	1
11263	1
11264	1
11265	1
11266	1
11267	1
11268	1
11269	1
11270	1
11271	1
11272	1
11273	1
11274	1
11275	1
11276	1
11277	1
11278	1
11279	1
11280	1
11281	1
11282	1
11283	1
11284	1
11285	1
11286	1
11287	1
11288	1
11289	1
11290	1
11291	1
11292	1
11293	1
11294	1
11295	1
11296	1
11297	1
11298	1
11299	1
11300	1
11301	1
11302	1
11303	1
11304	1
11305	1
11306	1
11307	1
11308	1
11309	1
11310	1
11311	1
11312	1
11313	1
11314	1
11315	1
11316	1
11317	1
11318	1
11319	1
11320	1
11321	1
11322	1
11323	1
11324	1
11325	1
11326	1
11327	1
11328	1
11329	1
11330	1
11331	1
11332	1
11333	1
11334	1
11335	1
11336	1
11337	1
11338	1
11339	1
11340	1
11341	1
11342	1
11343	1
11344	1
11345	1
11346	1
11347	1
11348	1
11349	1
11350	1
11351	1
11352	1
11353	1
11354	1
11355	1
11356	1
11357	1
11358	1
11359	1
11360	1
11361	1
11362	1
11363	1
11364	1
11365	1
11366	1
11367	1
11368	1
11369	1
11370	1
11371	1
11372	1
11373	1
11374	1
11375	1
11376	1
11377	1
11378	1
11379	1
11380	1
11381	1
11382	1
11383	1
11384	1
11385	1
11386	1
11387	1
11388	1
11389	1
11390	1
11391	1
11392	1
11393	1
11394	1
11395	1
11396	1
11397	1
11398	1
11399	1
11400	1
11401	1
11402	1
11403	1
11404	1
11405	1
11406	1
11407	1
11408	1
11409	1
11410	1
11411	1
11412	1
11413	1
11414	1
11415	1
11416	1
11417	1
11418	1
11419	1
11420	1
11421	1
11422	1
11423	1
11424	1
11425	1
11426	1
11427	1
11428	1
11429	1
11430	1
11431	1
11432	1
11433	1
11434	1
11435	1
11436	1
11437	1
11438	1
11439	1
11440	1
11441	1
11442	1
11443	1
11444	1
11445	1
11446	1
11447	1
11448	1
11449	1
11450	1
11451	1
11452	1
11453	1
11454	1
11455	1
11456	1
11457	1
11458	1
11459	1
11460	1
11461	1
11462	1
11463	1
11464	1
11465	1
11466	1
11467	1
11468	1
11469	1
11470	1
11471	1
11472	1
11473	1
11474	1
11475	1
11476	1
11477	1
11478	1
11479	1
11480	1
11481	1
11482	1
11483	1
11484	1
11485	1
11486	1
11487	1
11488	1
11489	1
11490	1
11491	1
11492	1
11493	1
11494	1
11495	1
11496	1
11497	1
11498	1
11499	1
11500	1
11501	1
11502	1
11503	1
11504	1
11505	1
11506	1
11507	1
11508	1
11509	1
11510	1
11511	1
11512	1
11513	1
11514	1
11515	1
11516	1
11517	1
11518	1
11519	1
11520	1
11521	1
11522	1
11523	1
11524	1
11525	1
11526	1
11527	1
11528	1
11529	1
11530	1
11531	1
11532	1
11533	1
11534	1
11535	1
11536	1
11537	1
11538	1
11539	1
11540	1
11541	1
11542	1
11543	1
11544	1
11545	1
11546	1
11547	1
11548	1
11549	1
11550	1
11551	1
11552	1
11553	1
11554	1
11555	1
11556	1
11557	1
11558	1
11559	1
11560	1
11561	1
11562	1
11563	1
11564	1
11565	1
11566	1
11567	1
11568	1
11569	1
11570	1
11571	1
11572	1
11573	1
11574	1
11575	1
11576	1
11577	1
11578	1
11579	1
11580	1
11581	1
11582	1
11583	1
11584	1
11585	1
11586	1
11587	1
11588	1
11589	1
11590	1
11591	1
11592	1
11593	1
11594	1
11595	1
11596	1
11597	1
11598	1
11599	1
11600	1
11601	1
11602	1
11603	1
11604	1
11605	1
11606	1
11607	1
11608	1
11609	1
11610	1
11611	1
11612	1
11613	1
11614	1
11615	1
11616	1
11617	1
11618	1
11619	1
11620	1
11621	1
11622	1
11623	1
11624	1
11625	1
11626	1
11627	1
11628	1
11629	1
11630	1
11631	1
11632	1
11633	1
11634	1
11635	1
11636	1
11637	1
11638	1
11639	1
11640	1
11641	1
11642	1
11643	1
11644	1
11645	1
11646	1
11647	1
11648	1
11649	1
11650	1
11651	1
11652	1
11653	1
11654	1
11655	1
11656	1
11657	1
11658	1
11659	1
11660	1
11661	1
11662	1
11663	1
11664	1
11665	1
11666	1
11667	1
11668	1
11669	1
11670	1
11671	1
11672	1
11673	1
11674	1
11675	1
11676	1
11677	1
11678	1
11679	1
11680	1
11681	1
11682	1
11683	1
11684	1
11685	1
11686	1
11687	1
11688	1
11689	1
11690	1
11691	1
11692	1
11693	1
11694	1
11695	1
11696	1
11697	1
11698	1
11699	1
11700	1
11701	1
11702	1
11703	1
11704	1
11705	1
11706	1
11707	1
11708	1
11709	1
11710	1
11711	1
11712	1
11713	1
11714	1
11715	1
11716	1
11717	1
11718	1
11719	1
11720	1
11721	1
11722	1
11723	1
11724	1
11725	1
11726	1
11727	1
11728	1
11729	1
11730	1
11731	1
11732	1
11733	1
11734	1
11735	1
11736	1
11737	1
11738	1
11739	1
11740	1
11741	1
11742	1
11743	1
11744	1
11745	1
11746	1
11747	1
11748	1
11749	1
11750	1
11751	1
11752	1
11753	1
11754	1
11755	1
11756	1
11757	1
11758	1
11759	1
11760	1
11761	1
11762	1
11763	1
11764	1
11765	1
11766	1
11767	1
11768	1
11769	1
11770	1
11771	1
11772	1
11773	1
11774	1
11775	1
11776	1
11777	1
11778	1
11779	1
11780	1
11781	1
11782	1
11783	1
11784	1
11785	1
11786	1
11787	1
11788	1
11789	1
11790	1
11791	1
11792	1
11793	1
11794	1
11795	1
11796	1
11797	1
11798	1
11799	1
11800	1
11801	1
11802	1
11803	1
11804	1
11805	1
11806	1
11807	1
11808	1
11809	1
11810	1
11811	1
11812	1
11813	1
11814	1
11815	1
11816	1
11817	1
11818	1
11819	1
11820	1
11821	1
11822	1
11823	1
11824	1
11825	1
11826	1
11827	1
11828	1
11829	1
11830	1
11831	1
11832	1
11833	1
11834	1
11835	1
11836	1
11837	1
11838	1
11839	1
11840	1
11841	1
11842	1
11843	1
11844	1
11845	1
11846	1
11847	1
11848	1
11849	1
11850	1
11851	1
11852	1
11853	1
11854	1
11855	1
11856	1
11857	1
11858	1
11859	1
11860	1
11861	1
11862	1
11863	1
11864	1
11865	1
11866	1
11867	1
11868	1
11869	1
11870	1
11871	1
11872	1
11873	1
11874	1
11875	1
11876	1
11877	1
11878	1
11879	1
11880	1
11881	1
11882	1
11883	1
11884	1
11885	1
11886	1
11887	1
11888	1
11889	1
11890	1
11891	1
11892	1
11893	1
11894	1
11895	1
11896	1
11897	1
11898	1
11899	1
11900	1
11901	1
11902	1
11903	1
11904	1
11905	1
11906	1
11907	1
11908	1
11909	1
11910	1
11911	1
11912	1
11913	1
11914	1
11915	1
11916	1
11917	1
11918	1
11919	1
11920	1
11921	1
11922	1
11923	1
11924	1
11925	1
11926	1
11927	1
11928	1
11929	1
11930	1
11931	1
11932	1
11933	1
11934	1
11935	1
11936	1
11937	1
11938	1
11939	1
11940	1
11941	1
11942	1
11943	1
11944	1
11945	1
11946	1
11947	1
11948	1
11949	1
11950	1
11951	1
11952	1
11953	1
11954	1
11955	1
11956	1
11957	1
11958	1
11959	1
11960	1
11961	1
11962	1
11963	1
11964	1
11965	1
11966	1
11967	1
11968	1
11969	1
11970	1
11971	1
11972	1
11973	1
11974	1
11975	1
11976	1
11977	1
11978	1
11979	1
11980	1
11981	1
11982	1
11983	1
11984	1
11985	1
11986	1
11987	1
11988	1
11989	1
11990	1
11991	1
11992	1
11993	1
11994	1
11995	1
11996	1
11997	1
11998	1
11999	1
12000	1
12001	1
12002	1
12003	1
12004	1
12005	1
12006	1
12007	1
12008	1
12009	1
12010	1
12011	1
12012	1
12013	1
12014	1
12015	1
12016	1
12017	1
12018	1
12019	1
12020	1
12021	1
12022	1
12023	1
12024	1
12025	1
12026	1
12027	1
12028	1
12029	1
12030	1
12031	1
12032	1
12033	1
12034	1
12035	1
12036	1
12037	1
12038	1
12039	1
12040	1
12041	1
12042	1
12043	1
12044	1
12045	1
12046	1
12047	1
12048	1
12049	1
12050	1
12051	1
12052	1
12053	1
12054	1
12055	1
12056	1
12057	1
12058	1
12059	1
12060	1
12061	1
12062	1
12063	1
12064	1
12065	1
12066	1
12067	1
12068	1
12069	1
12070	1
12071	1
12072	1
12073	1
12074	1
12075	1
12076	1
12077	1
12078	1
12079	1
12080	1
12081	1
12082	1
12083	1
12084	1
12085	1
12086	1
12087	1
12088	1
12089	1
12090	1
12091	1
12092	1
12093	1
12094	1
12095	1
12096	1
12097	1
12098	1
12099	1
12100	1
12101	1
12102	1
12103	1
12104	1
12105	1
12106	1
12107	1
12108	1
12109	1
12110	1
12111	1
12112	1
12113	1
12114	1
12115	1
12116	1
12117	1
12118	1
12119	1
12120	1
12121	1
12122	1
12123	1
12124	1
12125	1
12126	1
12127	1
12128	1
12129	1
12130	1
12131	1
12132	1
12133	1
12134	1
12135	1
12136	1
12137	1
12138	1
12139	1
12140	1
12141	1
12142	1
12143	1
12144	1
12145	1
12146	1
12147	1
12148	1
12149	1
12150	1
12151	1
12152	1
12153	1
12154	1
12155	1
12156	1
12157	1
12158	1
12159	1
12160	1
12161	1
12162	1
12163	1
12164	1
12165	1
12166	1
12167	1
12168	1
12169	1
12170	1
12171	1
12172	1
12173	1
12174	1
12175	1
12176	1
12177	1
12178	1
12179	1
12180	1
12181	1
12182	1
12183	1
12184	1
12185	1
12186	1
12187	1
12188	1
12189	1
12190	1
12191	1
12192	1
12193	1
12194	1
12195	1
12196	1
12197	1
12198	1
12199	1
12200	1
12201	1
12202	1
12203	1
12204	1
12205	1
12206	1
12207	1
12208	1
12209	1
12210	1
12211	1
12212	1
12213	1
12214	1
12215	1
12216	1
12217	1
12218	1
12219	1
12220	1
12221	1
12222	1
12223	1
12224	1
12225	1
12226	1
12227	1
12228	1
12229	1
12230	1
12231	1
12232	1
12233	1
12234	1
12235	1
12236	1
12237	1
12238	1
12239	1
12240	1
12241	1
12242	1
12243	1
12244	1
12245	1
12246	1
12247	1
12248	1
12249	1
12250	1
12251	1
12252	1
12253	1
12254	1
12255	1
12256	1
12257	1
12258	1
12259	1
12260	1
12261	1
12262	1
12263	1
12264	1
12265	1
12266	1
12267	1
12268	1
12269	1
12270	1
12271	1
12272	1
12273	1
12274	1
12275	1
12276	1
12277	1
12278	1
12279	1
12280	1
12281	1
12282	1
12283	1
12284	1
12285	1
12286	1
12287	1
12288	1
12289	1
12290	1
12291	1
12292	1
12293	1
12294	1
12295	1
12296	1
12297	1
12298	1
12299	1
12300	1
12301	1
12302	1
12303	1
12304	1
12305	1
12306	1
12307	1
12308	1
12309	1
12310	1
12311	1
12312	1
12313	1
12314	1
12315	1
12316	1
12317	1
12318	1
12319	1
12320	1
12321	1
12322	1
12323	1
12324	1
12325	1
12326	1
12327	1
12328	1
12329	1
12330	1
12331	1
12332	1
12333	1
12334	1
12335	1
12336	1
12337	1
12338	1
12339	1
12340	1
12341	1
12342	1
12343	1
12344	1
12345	1
12346	1
12347	1
12348	1
12349	1
12350	1
12351	1
12352	1
12353	1
12354	1
12355	1
12356	1
12357	1
12358	1
12359	1
12360	1
12361	1
12362	1
12363	1
12364	1
12365	1
12366	1
12367	1
12368	1
12369	1
12370	1
12371	1
12372	1
12373	1
12374	1
12375	1
12376	1
12377	1
12378	1
12379	1
12380	1
12381	1
12382	1
12383	1
12384	1
12385	1
12386	1
12387	1
12388	1
12389	1
12390	1
12391	1
12392	1
12393	1
12394	1
12395	1
12396	1
12397	1
12398	1
12399	1
12400	1
12401	1
12402	1
12403	1
12404	1
12405	1
12406	1
12407	1
12408	1
12409	1
12410	1
12411	1
12412	1
12413	1
12414	1
12415	1
12416	1
12417	1
12418	1
12419	1
12420	1
12421	1
12422	1
12423	1
12424	1
12425	1
12426	1
12427	1
12428	1
12429	1
12430	1
12431	1
12432	1
12433	1
12434	1
12435	1
12436	1
12437	1
12438	1
12439	1
12440	1
12441	1
12442	1
12443	1
12444	1
12445	1
12446	1
12447	1
12448	1
12449	1
12450	1
12451	1
12452	1
12453	1
12454	1
12455	1
12456	1
12457	1
12458	1
12459	1
12460	1
12461	1
12462	1
12463	1
12464	1
12465	1
12466	1
12467	1
12468	1
12469	1
12470	1
12471	1
12472	1
12473	1
12474	1
12475	1
12476	1
12477	1
12478	1
12479	1
12480	1
12481	1
12482	1
12483	1
12484	1
12485	1
12486	1
12487	1
12488	1
12489	1
12490	1
12491	1
12492	1
12493	1
12494	1
12495	1
12496	1
12497	1
12498	1
12499	1
12500	1
12501	1
12502	1
12503	1
12504	1
12505	1
12506	1
12507	1
12508	1
12509	1
12510	1
12511	1
12512	1
12513	1
12514	1
12515	1
12516	1
12517	1
12518	1
12519	1
12520	1
12521	1
12522	1
12523	1
12524	1
12525	1
12526	1
12527	1
12528	1
12529	1
12530	1
12531	1
12532	1
12533	1
12534	1
12535	1
12536	1
12537	1
12538	1
12539	1
12540	1
12541	1
12542	1
12543	1
12544	1
12545	1
12546	1
12547	1
12548	1
12549	1
12550	1
12551	1
12552	1
12553	1
12554	1
12555	1
12556	1
12557	1
12558	1
12559	1
12560	1
12561	1
12562	1
12563	1
12564	1
12565	1
12566	1
12567	1
12568	1
12569	1
12570	1
12571	1
12572	1
12573	1
12574	1
12575	1
12576	1
12577	1
12578	1
12579	1
12580	1
12581	1
12582	1
12583	1
12584	1
12585	1
12586	1
12587	1
12588	1
12589	1
12590	1
12591	1
12592	1
12593	1
12594	1
12595	1
12596	1
12597	1
12598	1
12599	1
12600	1
12601	1
12602	1
12603	1
12604	1
12605	1
12606	1
12607	1
12608	1
12609	1
12610	1
12611	1
12612	1
12613	1
12614	1
12615	1
12616	1
12617	1
12618	1
12619	1
12620	1
12621	1
12622	1
12623	1
12624	1
12625	1
12626	1
12627	1
12628	1
12629	1
12630	1
12631	1
12632	1
12633	1
12634	1
12635	1
12636	1
12637	1
12638	1
12639	1
12640	1
12641	1
12642	1
12643	1
12644	1
12645	1
12646	1
12647	1
12648	1
12649	1
12650	1
12651	1
12652	1
12653	1
12654	1
12655	1
12656	1
12657	1
12658	1
12659	1
12660	1
12661	1
12662	1
12663	1
12664	1
12665	1
12666	1
12667	1
12668	1
12669	1
12670	1
12671	1
12672	1
12673	1
12674	1
12675	1
12676	1
12677	1
12678	1
12679	1
12680	1
12681	1
12682	1
12683	1
12684	1
12685	1
12686	1
12687	1
12688	1
12689	1
12690	1
12691	1
12692	1
12693	1
12694	1
12695	1
12696	1
12697	1
12698	1
12699	1
12700	1
12701	1
12702	1
12703	1
12704	1
12705	1
12706	1
12707	1
12708	1
12709	1
12710	1
12711	1
12712	1
12713	1
12714	1
12715	1
12716	1
12717	1
12718	1
12719	1
12720	1
12721	1
12722	1
12723	1
12724	1
12725	1
12726	1
12727	1
12728	1
12729	1
12730	1
12731	1
12732	1
12733	1
12734	1
12735	1
12736	1
12737	1
12738	1
12739	1
12740	1
12741	1
12742	1
12743	1
12744	1
12745	1
12746	1
12747	1
12748	1
12749	1
12750	1
12751	1
12752	1
12753	1
12754	1
12755	1
12756	1
12757	1
12758	1
12759	1
12760	1
12761	1
12762	1
12763	1
12764	1
12765	1
12766	1
12767	1
12768	1
12769	1
12770	1
12771	1
12772	1
12773	1
12774	1
12775	1
12776	1
12777	1
12778	1
12779	1
12780	1
12781	1
12782	1
12783	1
12784	1
12785	1
12786	1
12787	1
12788	1
12789	1
12790	1
12791	1
12792	1
12793	1
12794	1
12795	1
12796	1
12797	1
12798	1
12799	1
12800	1
12801	1
12802	1
12803	1
12804	1
12805	1
12806	1
12807	1
12808	1
12809	1
12810	1
12811	1
12812	1
12813	1
12814	1
12815	1
12816	1
12817	1
12818	1
12819	1
12820	1
12821	1
12822	1
12823	1
12824	1
12825	1
12826	1
12827	1
12828	1
12829	1
12830	1
12831	1
12832	1
12833	1
12834	1
12835	1
12836	1
12837	1
12838	1
12839	1
12840	1
12841	1
12842	1
12843	1
12844	1
12845	1
12846	1
12847	1
12848	1
12849	1
12850	1
12851	1
12852	1
12853	1
12854	1
12855	1
12856	1
12857	1
12858	1
12859	1
12860	1
12861	1
12862	1
12863	1
12864	1
12865	1
12866	1
12867	1
12868	1
12869	1
12870	1
12871	1
12872	1
12873	1
12874	1
12875	1
12876	1
12877	1
12878	1
12879	1
12880	1
12881	1
12882	1
12883	1
12884	1
12885	1
12886	1
12887	1
12888	1
12889	1
12890	1
12891	1
12892	1
12893	1
12894	1
12895	1
12896	1
12897	1
12898	1
12899	1
12900	1
12901	1
12902	1
12903	1
12904	1
12905	1
12906	1
12907	1
12908	1
12909	1
12910	1
12911	1
12912	1
12913	1
12914	1
12915	1
12916	1
12917	1
12918	1
12919	1
12920	1
12921	1
12922	1
12923	1
12924	1
12925	1
12926	1
12927	1
12928	1
12929	1
12930	1
12931	1
12932	1
12933	1
12934	1
12935	1
12936	1
12937	1
12938	1
12939	1
12940	1
12941	1
12942	1
12943	1
12944	1
12945	1
12946	1
12947	1
12948	1
12949	1
12950	1
12951	1
12952	1
12953	1
12954	1
12955	1
12956	1
12957	1
12958	1
12959	1
12960	1
12961	1
12962	1
12963	1
12964	1
12965	1
12966	1
12967	1
12968	1
12969	1
12970	1
12971	1
12972	1
12973	1
12974	1
12975	1
12976	1
12977	1
12978	1
12979	1
12980	1
12981	1
12982	1
12983	1
12984	1
12985	1
12986	1
12987	1
12988	1
12989	1
12990	1
12991	1
12992	1
12993	1
12994	1
12995	1
12996	1
12997	1
12998	1
12999	1
13000	1
13001	1
13002	1
13003	1
13004	1
13005	1
13006	1
13007	1
13008	1
13009	1
13010	1
13011	1
13012	1
13013	1
13014	1
13015	1
13016	1
13017	1
13018	1
13019	1
13020	1
13021	1
13022	1
13023	1
13024	1
13025	1
13026	1
13027	1
13028	1
13029	1
13030	1
13031	1
13032	1
13033	1
13034	1
13035	1
13036	1
13037	1
13038	1
13039	1
13040	1
13041	1
13042	1
13043	1
13044	1
13045	1
13046	1
13047	1
13048	1
13049	1
13050	1
13051	1
13052	1
13053	1
13054	1
13055	1
13056	1
13057	1
13058	1
13059	1
13060	1
13061	1
13062	1
13063	1
13064	1
13065	1
13066	1
13067	1
13068	1
13069	1
13070	1
13071	1
13072	1
13073	1
13074	1
13075	1
13076	1
13077	1
13078	1
13079	1
13080	1
13081	1
13082	1
13083	1
13084	1
13085	1
13086	1
13087	1
13088	1
13089	1
13090	1
13091	1
13092	1
13093	1
13094	1
13095	1
13096	1
13097	1
13098	1
13099	1
13100	1
13101	1
13102	1
13103	1
13104	1
13105	1
13106	1
13107	1
13108	1
13109	1
13110	1
13111	1
13112	1
13113	1
13114	1
13115	1
13116	1
13117	1
13118	1
13119	1
13120	1
13121	1
13122	1
13123	1
13124	1
13125	1
13126	1
13127	1
13128	1
13129	1
13130	1
13131	1
13132	1
13133	1
13134	1
13135	1
13136	1
13137	1
13138	1
13139	1
13140	1
13141	1
13142	1
13143	1
13144	1
13145	1
13146	1
13147	1
13148	1
13149	1
13150	1
13151	1
13152	1
13153	1
13154	1
13155	1
13156	1
13157	1
13158	1
13159	1
13160	1
13161	1
13162	1
13163	1
13164	1
13165	1
13166	1
13167	1
13168	1
13169	1
13170	1
13171	1
13172	1
13173	1
13174	1
13175	1
13176	1
13177	1
13178	1
13179	1
13180	1
13181	1
13182	1
13183	1
13184	1
13185	1
13186	1
13187	1
13188	1
13189	1
13190	1
13191	1
13192	1
13193	1
13194	1
13195	1
13196	1
13197	1
13198	1
13199	1
13200	1
13201	1
13202	1
13203	1
13204	1
13205	1
13206	1
13207	1
13208	1
13209	1
13210	1
13211	1
13212	1
13213	1
13214	1
13215	1
13216	1
13217	1
13218	1
13219	1
13220	1
13221	1
13222	1
13223	1
13224	1
13225	1
13226	1
13227	1
13228	1
13229	1
13230	1
13231	1
13232	1
13233	1
13234	1
13235	1
13236	1
13237	1
13238	1
13239	1
13240	1
13241	1
13242	1
13243	1
13244	1
13245	1
13246	1
13247	1
13248	1
13249	1
13250	1
13251	1
13252	1
13253	1
13254	1
13255	1
13256	1
13257	1
13258	1
13259	1
13260	1
13261	1
13262	1
13263	1
13264	1
13265	1
13266	1
13267	1
13268	1
13269	1
13270	1
13271	1
13272	1
13273	1
13274	1
13275	1
13276	1
13277	1
13278	1
13279	1
13280	1
13281	1
13282	1
13283	1
13284	1
13285	1
13286	1
13287	1
13288	1
13289	1
13290	1
13291	1
13292	1
13293	1
13294	1
13295	1
13296	1
13297	1
13298	1
13299	1
13300	1
13301	1
13302	1
13303	1
13304	1
13305	1
13306	1
13307	1
13308	1
13309	1
13310	1
13311	1
13312	1
13313	1
13314	1
13315	1
13316	1
13317	1
13318	1
13319	1
13320	1
13321	1
13322	1
13323	1
13324	1
13325	1
13326	1
13327	1
13328	1
13329	1
13330	1
13331	1
13332	1
13333	1
13334	1
13335	1
13336	1
13337	1
13338	1
13339	1
13340	1
13341	1
13342	1
13343	1
13344	1
13345	1
13346	1
13347	1
13348	1
13349	1
13350	1
13351	1
13352	1
13353	1
13354	1
13355	1
13356	1
13357	1
13358	1
13359	1
13360	1
13361	1
13362	1
13363	1
13364	1
13365	1
13366	1
13367	1
13368	1
13369	1
13370	1
13371	1
13372	1
13373	1
13374	1
13375	1
13376	1
13377	1
13378	1
13379	1
13380	1
13381	1
13382	1
13383	1
13384	1
13385	1
13386	1
13387	1
13388	1
13389	1
13390	1
13391	1
13392	1
13393	1
13394	1
13395	1
13396	1
13397	1
13398	1
13399	1
13400	1
13401	1
13402	1
13403	1
13404	1
13405	1
13406	1
13407	1
13408	1
13409	1
13410	1
13411	1
13412	1
13413	1
13414	1
13415	1
13416	1
13417	1
13418	1
13419	1
13420	1
13421	1
13422	1
13423	1
13424	1
13425	1
13426	1
13427	1
13428	1
13429	1
13430	1
13431	1
13432	1
13433	1
13434	1
13435	1
13436	1
13437	1
13438	1
13439	1
13440	1
13441	1
13442	1
13443	1
13444	1
13445	1
13446	1
13447	1
13448	1
13449	1
13450	1
13451	1
13452	1
13453	1
13454	1
13455	1
13456	1
13457	1
13458	1
13459	1
13460	1
13461	1
13462	1
13463	1
13464	1
13465	1
13466	1
13467	1
13468	1
13469	1
13470	1
13471	1
13472	1
13473	1
13474	1
13475	1
13476	1
13477	1
13478	1
13479	1
13480	1
13481	1
13482	1
13483	1
13484	1
13485	1
13486	1
13487	1
13488	1
13489	1
13490	1
13491	1
13492	1
13493	1
13494	1
13495	1
13496	1
13497	1
13498	1
13499	1
13500	1
13501	1
13502	1
13503	1
13504	1
13505	1
13506	1
13507	1
13508	1
13509	1
13510	1
13511	1
13512	1
13513	1
13514	1
13515	1
13516	1
13517	1
13518	1
13519	1
13520	1
13521	1
13522	1
13523	1
13524	1
13525	1
13526	1
13527	1
13528	1
13529	1
13530	1
13531	1
13532	1
13533	1
13534	1
13535	1
13536	1
13537	1
13538	1
13539	1
13540	1
13541	1
13542	1
13543	1
13544	1
13545	1
13546	1
13547	1
13548	1
13549	1
13550	1
13551	1
13552	1
13553	1
13554	1
13555	1
13556	1
13557	1
13558	1
13559	1
13560	1
13561	1
13562	1
13563	1
13564	1
13565	1
13566	1
13567	1
13568	1
13569	1
13570	1
13571	1
13572	1
13573	1
13574	1
13575	1
13576	1
13577	1
13578	1
13579	1
13580	1
13581	1
13582	1
13583	1
13584	1
